ReviewUrl,name,Address,districtid,RestaurantId,RestaurantStatus,avgrating,TotalPictures,TotalSaves,TotalReviews,TotalFavourites,TotalViews,TotalCheckIns,Latitude,Longitude
/ho-chi-minh/khu-am-thuc-sinh-thai-binh-xuyen/binh-luan,Khu Ẩm Thực Sinh Thái Bình Xuyên,C3/18 Phạm Hùng,696,23944,2,7.24,2330,0,175,135,153004,70,10.7318523529911,106.6727779577026
/ho-chi-minh/panda-bbq-quan-thit-nuong-da-lat-duong-so-9a/binh-luan,Panda BBQ - Quán Thịt Nướng Đà Lạt - Đường Số 9A,"137 Đường Số 9A, Khu Dân Cư Trung Sơn, X. Bình Hưng",696,89691,2,6.716,1101,0,192,156,35558,51,10.7364484,106.6895213
/ho-chi-minh/tra-sua-xien-que-hot-cold-binh-chanh/binh-luan,Trà Sữa Xiên Que Hot & Cold - Bình Chánh,"132 Đường Số 9A, KDC Trung Sơn, X. Bình Hưng ",696,17386,2,6.896,384,0,95,19,10736,36,10.73489,106.689466
/ho-chi-minh/bo-to-tay-ninh-nam-sanh-pham-hung/binh-luan,Bò Tơ Tây Ninh Phạm Hùng - Phạm Hùng,"C3/21T Phạm Hùng, Xã Bình Hưng",696,97276,2,7.574,707,0,66,147,83077,49,10.73323,106.673818
/ho-chi-minh/gogi-house-quan-nuong-han-quoc-satra-pham-hung/binh-luan,GoGi House - Quán Nướng Hàn Quốc - Satra Phạm Hùng,"Tầng 1 & 2 TTTM Satra, C6/27 Phạm Hùng, Xã Bình Hưng",696,627115,2,8.45,178,0,75,9,4013,9,10.732976,106.67414
/ho-chi-minh/quan-404-duong-so-9/binh-luan,Lẩu Dê 404 - Đường số 9,"110A Đường Số 9A, Khu Dân Cư Trung Sơn, P. Bình Hưng",696,9315,2,6.59,329,0,39,29,17426,17,10.735395,106.688823
/ho-chi-minh/de-nhat-bbq/binh-luan,Đệ Nhất BBQ,"43-45 Đường Số 1A, KDC Trung Sơn, Bình Hưng",696,104243,2,4.378,232,0,61,8,5987,19,10.736618,106.693393
/ho-chi-minh/kfc-central-plaza/binh-luan,Gà Rán KFC - Central Plaza,"C6/27 Phạm Hùng, Xã Bình Hưng",696,4286,2,6.75,139,0,31,10,6149,10,10.7332385,106.674355
/ho-chi-minh/com-nieu-trung-son/binh-luan,Cơm Niêu Trung Sơn,"285 - 287 Đường Số 9A, KDC Trung Sơn, X. Bình Hưng",696,739317,2,7.286,105,0,30,31,2297,8,10.731381,106.689606
/ho-chi-minh/quan-nuong-bo-cuoi-pham-hung/binh-luan,Quán Nướng Bò Cười - Phạm Hùng,C1/21 - C2/23 Phạm Hùng,696,204975,2,6.756,374,0,28,7,12816,7,10.734906,106.67292
/ho-chi-minh/rau-ma-flacota-pham-hung/binh-luan,Rau Má Flacota - Phạm Hùng,"C7B/157/26 Phạm Hùng, P. Bình Hưng",696,901400,2,7.876,50,0,39,12,1476,2,10.7328253,106.6770382
/ho-chi-minh/bun-mam-co-ba-pham-hung/binh-luan,Bún Mắm Cô Ba - Phạm Hùng,"C1/24 Phạm Hùng, P. 5",696,175221,2,6.99,96,0,21,28,2813,10,10.735157,106.67245
/ho-chi-minh/cau-ca-giai-tri-lang-ta-duong-so-11/binh-luan,Câu Cá Giải Trí Làng Ta - Đường Số 11,1A Đường Số 11,696,147896,2,8.168,54,0,6,21,43388,9,10.73262,106.688426
/ho-chi-minh/chi-loan-bun-nuoc-leo-soc-trang/binh-luan,Chị Loan - Bún Nước Lèo Sóc Trăng,"78 Đường Số 1, KDC Trung Sơn, Xã Bình Hưng",696,2413,2,7.374,88,0,14,29,42145,7,10.735154,106.693359
/ho-chi-minh/quan-rau-rung-trung-son-banh-xeo/binh-luan,Quán Rau Rừng Trung Sơn - Bánh Xèo,"13 Đường Số 8, Khu Dân Cư Trung Sơn, X. Bình Hưng",696,151316,2,6.6,166,0,20,15,41256,4,10.735769,106.6931338
/ho-chi-minh/sa-lu/binh-luan,Quán Nướng Sá Lù,"103 Đường Số 8, KDC Trung Sơn",696,142397,2,8.802,48,0,7,9,39259,0,10.7357428,106.6911506
/ho-chi-minh/xien-khe-quan-duong-so-9a/binh-luan,Xiên Khè Quán - Đường Số 9A,199 Đường Số 9A,696,127712,2,5.886,100,0,7,1,37001,3,10.73384586313,106.6897556188354
/ho-chi-minh/pho-hoang/binh-luan,Phở Hoàng 1 - Phạm Hùng,"C7/1 Phạm Hùng, Xã Bình Hưng",696,13494,2,6.402,13,0,3,5,36582,3,10.736384,106.67165
/ho-chi-minh/moc-quan-nuong-ngoi/binh-luan,Mộc Quán - Nướng Ngói,"C19/11A Đường Số 9A, Xã Bình Hưng",696,236362,2,7.532,30,0,3,2,35733,0,10.7390795350457,106.6891282796859
/ho-chi-minh/thanh-long-lang-nuong-cau-ca-giai-tri/binh-luan,Thành Long - Làng Nướng & Câu Cá Giải Trí,"Quốc lộ 50, B8/251, Ấp 2, Xã Phong Phú",696,30316,2,7.152,142,0,8,21,23275,8,10.690807,106.660659
/ho-chi-minh/thuy-duong-nhau-bo-song/binh-luan,Thùy Dương - Nhậu Bờ Sông - Gà Nướng Mắm Nhĩ,"1 Đường Số 1, KDC Trung Sơn",696,48298,2,5.626,117,0,14,22,19117,13,10.739029,106.692822
/ho-chi-minh/ga-ran-cp-five-star-bui-thanh-khiet/binh-luan,Gà Rán CP Five Star - Bùi Thanh Khiết,"B2/20E Bùi Thanh Khiết, KP. 2, TT. Tân Túc",696,1151617,2,0.0,0,0,0,0,2,0,10.6914613107284,106.5739530657296
/ho-chi-minh/la-coffee-duong-so-6/binh-luan,La Coffee - Đường Số 6,"71 Đường Số 6, Khu Dân Cư Trung Sơn, X. Bình Hưng",696,1151520,2,0.0,0,0,0,0,1,0,10.7377203,106.6912731
/ho-chi-minh/tra-sua-min-quoc-lo-50/binh-luan,Trà Sữa Min - Quốc Lộ 50,"E1/17A Quốc Lộ 50, X. Phong Phú",696,1151515,2,0.0,0,0,0,0,4,0,10.7114862,106.6557326
/ho-chi-minh/sai-gon-quan-duong-15/binh-luan,Sài Gòn Quán - Đường 15,"41 Đường 15, KDC Cao Lỗ, X. Bình Hưng",696,1151293,2,0.0,0,0,0,0,3,0,10.7350427,106.678454
/ho-chi-minh/lau-bo-68-f3-22-x5-lien-ap-26/binh-luan,Lẩu Bò 68 - F3/22 X5 Liên Ấp 26,"F3/22 X5 Liên Ấp 26, X. Vĩnh Lộc A",696,1151255,2,0.0,0,0,0,0,1,0,10.8178396232073,106.5737993039693
/ho-chi-minh/banh-xeo-anh-binh-e5-29d-duong-lien-ap-5-6/binh-luan,Bánh Xèo Anh Bình - E5/29D Đường Liên Ấp 5-6,"E5/29D Đường Liên Ấp 5-6, X. Vĩnh Lộc A",696,1151136,2,0.0,0,0,0,0,6,0,10.8289579,106.5827594
/ho-chi-minh/mon-que-ngoc-huyen-chan-ga-sot-thai-chan-ga-ngam-sa-tac-lien-ap-123/binh-luan,Món Quê Ngọc Huyền - Chân Gà Sốt Thái & Chân Gà Ngâm Sả Tắc - Liên Ấp 123,"A5/11L Liên Ấp 123, Xã Vĩnh Lộc A",696,1150984,2,0.0,0,0,0,0,2,0,10.8109319,106.5647326
/ho-chi-minh/undici-tea-coffee-bui-thanh-khiet/binh-luan,Undici Tea & Coffee - Bùi Thanh Khiết,"264 Bùi Thanh Thiết, X. Tân Túc",696,1150560,2,0.0,0,0,0,0,1,0,10.6835079,106.5770008
/ho-chi-minh/daily-milk-tea-food-my-cay-com-tron-han-quoc-quach-dieu/binh-luan,Daily Milk Tea & Food - Mỳ Cay & Cơm Trộn Hàn Quốc - Quách Điêu,"F12/12E/17H Quách Điêu, X. Vĩnh Lộc A",696,1150475,2,0.0,0,0,0,0,1,0,10.815443,106.577599
/ho-chi-minh/heek-coffee-tea-hamburger-998-pham-hung/binh-luan,Heek Coffee - Tea & Hamburger - 998 Phạm Hùng,"998 Phạm Hùng, X. Bình Hưng",696,1150449,2,0.0,0,0,0,0,1,0,10.7271148,106.6786193
/ho-chi-minh/tra-sua-nong-quoc-lo-50/binh-luan,Trà Sữa Nọng - Quốc Lộ 50,"E4/115C Ấp 5, Quốc Lộ 50, X. Phong Phú",696,1150371,2,0.0,0,0,0,0,1,0,10.7050034,106.6547141
/ho-chi-minh/tra-sua-co-dung-tra-sua-banh-trang-tron/binh-luan,Trà Sữa Cô Dung - Trà Sữa & Bánh Tráng Trộn,"F8/32/5D Ấp 6, X. Vĩnh Lộc A",696,1150121,2,0.0,0,0,0,0,1,0,10.815031,106.57904
/ho-chi-minh/pho-thao-pham-hung/binh-luan,Phở Thảo - Phạm Hùng,"6 Phạm Hùng, Xã Bình Hưng",696,1055672,2,10.0,23,0,8,1,426,4,10.7359342073895,106.6718830113964
/ho-chi-minh/ngan-bun-rieu-oc-canh-bun/binh-luan,Ngân - Bún Riêu Ốc & Canh Bún,"A13/20 Quốc Lộ 50, X. Bình Hưng",696,1000034446,2,10.0,11,0,4,2,102,1,10.723184,106.655079
/ho-chi-minh/pho-dung-vinh-loc-a/binh-luan,Phở Dũng - Vĩnh Lộc A,"F8/35 Tổ 8, P. Vĩnh Lộc A",696,974313,2,10.0,14,0,4,0,107,2,10.869176,106.584028
/ho-chi-minh/hieu-bao-ngu-vi-ca-dan-cong-hoa-tuyen/binh-luan,Hiếu Bào Ngư Vi Cá - Dân Công Hỏa Tuyến,"7E Dân Công Hỏa Tuyến, X. Vĩnh Lộc A",696,1146717,2,10.0,18,0,4,0,16,1,10.8334464,106.5677736
/ho-chi-minh/lau-bo-chu-tam/binh-luan,Lẩu Bò Chú Tám,"E1/16A Quốc Lộ 50, Xã Phong Phú",696,879705,2,10.0,7,0,2,0,196,5,10.710171,106.654334
/ho-chi-minh/san-san-chao-ech-singapore/binh-luan,San San - Cháo Ếch Singapore,"D19/23/12A Vĩnh Lộc, Ấp 4A, P. Vĩnh Lộc B",696,1028360,2,10.0,1,0,2,1,78,1,10.8105904126841,106.5770690244632
/ho-chi-minh/com-tam-hoang-truong/binh-luan,Cơm Tấm Hoàng Trường,"D8/1 Võ Văn Vân, X. Vĩnh Lộc B",696,766548,2,10.0,4,1,1,0,150,2,10.813515,106.579181
/ho-chi-minh/banh-cuon-nong-banh-uot-banh-cuon-trung/binh-luan,"Bánh Cuốn Nóng, Bánh Ướt & Bánh Cuốn Trứng","A24/19 Quốc Lộ 50, Xã Bình Hưng",696,1052460,2,10.0,1,0,1,0,98,4,10.728244,106.656033
/ho-chi-minh/bun-bo-hue-gia-hoi-bun-bo-xi-quach-su-doan-9/binh-luan,Bún Bò Huế Gia Hội - Bún Bò Xí Quách - Sư Đoàn 9,"490Đ Sư Đoàn 9, X. Vĩnh Lộc A",696,1146337,2,10.0,11,0,1,0,11,0,10.8217661,106.5662516
/ho-chi-minh/trung-nguyen-e-coffee-30-duong-so-5/binh-luan,Trung Nguyên E-Coffee - 30 Đường Số 5,"30 - 32 Đường Số 5, Xã Bình Hưng",696,1023325,2,10.0,4,0,1,0,60,0,10.735562,106.673382
/ho-chi-minh/banh-cuon-tay-son-shop-online/binh-luan,Bánh Cuốn Tây Sơn - Shop Online,"Phan Thị Tư, Xã Vĩnh Lộc A",696,941994,2,10.0,9,0,1,0,130,0,10.8386383,106.5664709
/ho-chi-minh/quan-bun-rieu-chi-ba-duong-9a/binh-luan,Quán Bún Riêu Chị Ba - Đường 9A,"14C Đường 9A, X. Bình Hưng",696,1132429,2,10.0,3,0,1,0,27,0,10.733843,106.689237
/ho-chi-minh/e-coffee-trung-nguyen-mizuki/binh-luan,E-Coffee Trung Nguyên Mizuki,"20 Đường Số 1, KDC Phi Long 5, X. Bình Hưng",696,1076543,2,9.524,0,0,40,0,80,0,10.722767,106.6612786
/ho-chi-minh/quan-lau-de-phu-quy/binh-luan,Quán Lẩu Dê Phú Quý,47 Đường Số 4,696,39840,2,6.03,174,0,31,8,6909,5,10.739055,106.69011
/ho-chi-minh/cuc-kia-banh-u-nguoi-tieu/binh-luan,Cúc Kía - Bánh Ú Người Tiều,"100 Đường C4, Xã Bình Hưng",696,795915,2,8.566,14,0,6,52,2031,0,10.729384,106.672863
/ho-chi-minh/banh-xe-tut-tut/binh-luan,Bánh Xé Tút Tút,"C19/7 Ấp 4B, X. Bình Hưng",696,888893,2,6.18,37,0,8,37,1534,1,10.7393494,106.6871045
/ho-chi-minh/1999-steak-nha-hang-beef-steak/binh-luan,1999 STEAK - STEAK - 28 Đường Số 7,"28 Đường Số 7, X. Bình Hưng",696,744539,2,9.002,78,0,12,33,2609,2,10.7388065,106.6906867
/ho-chi-minh/quan-ca-ri-phung-hung/binh-luan,Cà Ri Quảng,"KDC Phong Phú, 25 Đường 19C, X. Phong Phú",696,754470,2,8.266,20,0,3,26,615,1,10.689382,106.6422916
,Knb House,"C7b/96 Ấp 4 Phạm Hùng, Bình Chánh",696,1064465,2,8.0,6,0,1,1,0,0,,
/ho-chi-minh/le-tran-ca-phe/binh-luan,Lê Trần Cà Phê,"1139 Quốc Lộ 50, Xã Bình Hưng",696,924209,2,0.0,9,0,0,0,47,0,0.0,0.0
/ho-chi-minh/an-ha-cafe/binh-luan,An Hạ Cafe,D8/2/1A Trần Văn Giàu,696,812905,2,0.0,0,0,0,0,20,0,10.791374,106.510697
/ho-chi-minh/texas-coffee-com-van-phong-pham-van-hai/binh-luan,Texas Coffee - Cơm Văn Phòng - Phạm Văn Hai,"5B38/4 Ấp 5, Xã Phạm Văn Hai",696,1078424,2,0.0,0,0,0,0,38,0,10.7917113,106.5112362
/ho-chi-minh/tao-s-food-drink-tran-van-giau/binh-luan,Tao's Food & Drink - Trần Văn Giàu,"D8/2-1A Trần Văn Giàu, X. Bình Lợi",696,1139962,2,0.0,0,0,0,0,3,0,10.7903411497795,106.5120171491966
/ho-chi-minh/kha-thi-gio-heo-pha-lau-gia-truyen-lau-thai-mang-ve-vuon-thom/binh-luan,Kha Thi - Giò Heo Phá Lấu Gia Truyền & Lẩu Thái Mang Về - Vườn Thơm,"D5/589a Ấp 4 Vườn Thơm, X. Bình Lợi",696,1113802,2,0.0,0,3,0,0,65,1,10.785047,106.511776
/ho-chi-minh/shi-cafe/binh-luan,Shi Cafe,"A9/19 Trần Văn Giàu, Xã Lê Minh Xuân",696,883375,2,0.0,0,0,0,0,37,0,10.788959,106.514862
/ho-chi-minh/my-way-tea-coffee/binh-luan,My Way - Tea & Coffee,Trần Văn Giàu,696,239569,2,0.0,3,1,0,0,174,0,10.788489,106.515179
/ho-chi-minh/tra-sua-cau-hai-tra-sua-tra-trai-cay-nhiet-doi-duong-so-8.adwcs9/binh-luan,TRÀ SỮA CẬU HAI - Trà Sữa & Trà Trái Cây Nhiệt Đới - Đường Số 8,"3c69/5 ấp 3 Đường Số 8, Xã Phạm Văn Hai",696,1000050549,2,0.0,0,0,0,0,18,0,10.791374,106.5157756
/ho-chi-minh/ban-toi-cafe-tran-van-giau/binh-luan,Bạn & Tôi Cafe - Trần Văn Giàu,"8D Trần Văn Giàu, Ấp 4",696,811798,2,0.0,0,0,0,0,12,0,10.788377,106.515741
/ho-chi-minh/ntigi-coffee-flowers/binh-luan,Ntigi Coffee & Flowers,"G8/26 Trần Văn Giàu, Xã Lê Minh Xuân",696,922342,2,0.0,6,0,0,0,20,0,10.788175,106.515995
/ho-chi-minh/quan-lau-de-ba-hung-an-ha/binh-luan,Quán Lẩu Dê Ba Hùng - An Hạ,"5H37 An Hạ, X. Phạm Văn Hai",696,1113464,2,0.0,0,0,0,0,5,0,10.8065239,106.5176794
/ho-chi-minh/mcdonald-s-satra-pham-hung/binh-luan,McDonald’s Satra Pham Hung,"Tầng Trệt, TTTM Satra Phạm Hùng, C6/27 Phạm Hùng, Xã Bình Hưng",696,645116,2,6.952,215,0,13,7,1491,1,10.7337389,106.6746551
/ho-chi-minh/xoi-binh-tien-pham-hung/binh-luan,Xôi Bình Tiên - Phạm Hùng,"163 Phạm Hùng, Xã Bình Hưng",696,1051412,2,0.0,0,0,0,0,109,0,10.734922,106.672793
/ho-chi-minh/an-vat-ty-pun-banh-trang-phoi-suong-trai-cay-cat-san/binh-luan,Ăn Vặt Ty Pun - Bánh Tráng Phơi Sương & Trái Cây Cắt Sẵn,"A10/27X1, Đường Số 1, KDC Bình Hưng",696,1044543,2,6.6,2,2,3,1,113,0,10.7258927,106.654285
/ho-chi-minh/ga-ran-kfc-nguyen-thi-tu/binh-luan,Gà Rán KFC - Nguyễn Thị Tú,D6/22 Nguyễn Thị Tú,696,996348,2,6.7,25,1,2,1,289,2,10.814174,106.581548
/ho-chi-minh/highlands-coffee-satra-pham-hung/binh-luan,Highlands Coffee - Central Mall Bình Chánh,"Satra Phạm Hùng, C6/27 Phạm Hùng, Xã Bình Hưng",696,910292,2,6.09,31,1,11,3,860,1,10.733653,106.674448
/ho-chi-minh/the-coffee-house-114-duong-9a-kdc-trung-son/binh-luan,"The Coffee House - 114 Đường 9A, KDC Trung Sơn","114 Đường 9A, KDC Trung Sơn, X. Bình Hưng",696,1080493,2,0.0,0,0,0,0,103,0,10.7355743964841,106.689313568189
/ho-chi-minh/starbucks-coffee-saigon-mia/binh-luan,Starbucks Coffee - Saigon Mia,"L1-04, Tầng 1 Saigon Mia, Đường Số 9A, Xã Bình Hưng",696,1005050,2,0.0,0,2,0,1,378,0,10.733315,106.689053
/ho-chi-minh/hong-tra-ngo-gia-quoc-lo-50/binh-luan,Hồng Trà Ngô Gia - Quốc Lộ 50,"A26/12C Quốc Lộ 50, Xã Bình Hưng",696,1133929,2,0.0,0,0,0,0,30,0,10.7280364,106.6560838
/ho-chi-minh/com-ga-xoi-mo-vi-anh-duong-so-10/binh-luan,Cơm Gà Xối Mỡ Vi Anh - Đường Số 10,2E Đường Số 10,696,1056986,2,10.0,0,0,1,0,68,0,10.7270607,106.6548066
/ho-chi-minh/banh-trang-muoi-hanh-ba-bau/binh-luan,Bánh Tráng Muối Hành Bà Bầu,"F8/38G Ấp 6, P. Vĩnh Lộc A",696,1062751,2,0.0,0,2,0,0,72,0,10.814575,106.578966
/ho-chi-minh/dinh-y-com-ga-xoi-mo-cafe-duong-so-10/binh-luan,Dinh Ý - Cơm Gà Xối Mỡ & Cafe - Đường Số 10,"2S - 2T Đường Số 10, Ấp 2, Xã Bình Hưng",696,1069702,2,0.0,0,0,0,0,70,0,10.7272514,106.6545579
/ho-chi-minh/tam-moc/binh-luan,Tâm Mộc,"418 Tân Túc, TT. Tân Túc",696,1000100,2,8.4,12,0,1,0,122,0,10.6934615369262,106.5845140814781
/ho-chi-minh/hiktea/binh-luan,Hiktea - Đường Số 10,"38 Đường Số 10, Xã Bình Hưng",696,699753,2,7.924,190,0,22,13,1805,4,10.7271459,106.6528424000001
/ho-chi-minh/panda-bbq-quan-thit-nuong-da-lat-pham-hung/binh-luan,Panda BBQ - Quán Thịt Nướng Đà Lạt - Phạm Hùng,"C3/6 Phạm Hùng, Xã Bình Hưng",696,171603,2,7.012,506,0,88,59,26317,24,10.7338038,106.6733891
/ho-chi-minh/xom-tra-sua/binh-luan,Xóm Trà Sữa,"D7/49 Trịnh Như Khuê, Xã Bình Chánh",696,729805,2,8.088,147,0,16,8,1877,11,10.663997,106.57059
/ho-chi-minh/de-nui-3q-trung-son/binh-luan,Dê Núi 3Q - Trung Sơn,"Đường Số 9A, Khu Trung Sơn",696,22594,2,7.37,147,0,14,7,8484,7,10.737937,106.689446
/ho-chi-minh/the-feine-cafe/binh-luan,The Feine Cafe,"33 Đường Số 4, KDC Trung Sơn, Xã Bình Hưng",696,994174,2,7.328,105,0,11,12,1564,5,10.739027,106.691026
/ho-chi-minh/big-seafood-sup-bao-ngu-vi-ca-tam-bo-duong-20/binh-luan,Big Seafood - Súp Bào Ngư Vi Cá Tẩm Bổ - Đường 20,"63 Đường 20 KDC Bình Hưng, X. Bình Hưng",696,1126994,2,0.0,0,0,0,0,36,0,10.7302273,106.6517674
/ho-chi-minh/az-tra-sua-che-khuc-bach-duong-thoi-hoa/binh-luan,AZ - Trà Sữa & Chè Khúc Bạch - Đường Thới Hoà,"E9/8 Thới Hoà, Ấp 5, Xã Vĩnh Lộc A",696,1148661,2,0.0,0,0,0,0,4,0,10.82882,106.58489
/ho-chi-minh/monri-tra-sua-an-vat-khuat-van-buc.4is4br/binh-luan,MonRi - Trà Sữa & Ăn Vặt - Khuất Văn Bức,"B6/23C Trần Đại Nghĩa, P. Tân Kiên",696,1000030088,2,0.0,0,0,0,0,7,0,10.7253081,106.5919564
/ho-chi-minh/lan-banh-trai-cay-dau-xanh/binh-luan,Lan - Bánh Trái Cây Đậu Xanh,"C2/33FX Phạm Hùng, X. Bình Hưng (Gần Miếu Năm Mẹ Ngũ Hành)",696,926545,2,0.0,0,9,0,5,226,0,10.730854,106.669152
/ho-chi-minh/chibi-tra-sua-da-phuoc/binh-luan,ChiBi - Trà Sữa - Đa Phước,"D1/20 Quốc Lộ 50, X. Đa Phước",696,1079653,2,0.0,0,1,0,0,37,0,10.6532372,106.6544198
/ho-chi-minh/ne-tra-milk-tea-quoc-lo-50/binh-luan,Nê Trà Milk Tea - Quốc Lộ 50," A11/30 Quốc Lộ 50, Ấp 1, X. Quy Đức",696,1127363,2,0.0,0,0,0,0,11,0,10.6503,106.6553262
/ho-chi-minh/an-vat-be-dau-do-kho-an-vat/binh-luan,Ăn Vặt Bé Dâu - Há Cảo Ngũ Sắc,"A10/17E1 Ấp 2, X. Bình Hưng",696,1143922,2,0.0,0,0,0,0,6,0,10.7276647,106.6553563
/ho-chi-minh/winny-bakery-milk-tea-pham-hung.tcbhez/binh-luan,Winny  - Bakery & Milk Tea - Phạm Hùng,"C7/17 G24 Phạm Hùng, X. Bình Hưng",696,1000025759,2,0.0,0,0,0,0,25,0,10.733079,106.681295
/ho-chi-minh/banh-trang-ma-bu-quoc-lo-50/binh-luan,Bánh Tráng Ma Bư - Quốc Lộ 50,"A34/26 Ấp 1 Quốc Lộ 50, X. Bình Hưng",696,1137183,2,0.0,0,0,0,0,6,0,10.7330643,106.6629985
/ho-chi-minh/banh-mi-ha-noi-vo-van-van/binh-luan,Bánh Mì Hà Nội - Võ Văn Vân,"C6/4 Võ Văn Vân, X. Vĩnh Lộc B",696,1129243,2,0.0,0,0,0,0,4,0,10.8046262,106.5778762
/ho-chi-minh/bap-xao-hot-ga-nuong-bung-binh-trung-son/binh-luan,Bắp Xào & Hột Gà Nướng - Bùng Binh Trung Sơn,Đường Số 9A,696,785518,2,0.0,1,2,0,1,135,0,10.7385817,106.6896327
/ho-chi-minh/quan-oc-truc-xinh/binh-luan,Quán Ốc Trúc Xinh,"119 Đường Số 9A, Xã Bình Hưng",696,1054003,2,0.0,0,0,0,0,177,0,10.736451,106.68973
/ho-chi-minh/xe-trai-cay-bung-binh-trung-son/binh-luan,Xe Trái Cây - Bùng Binh Trung Sơn,"Đường Số 9A, X. Bình Hưng",696,785515,2,0.0,1,0,0,0,77,0,10.7385817,106.6896327
/ho-chi-minh/banh-mi-ha-noi-366-quoc-lo-50/binh-luan,Bánh Mì Hà Nội 366 - Quốc Lộ 50,"366 Quốc Lộ 50, Xã Bình Hưng",696,1149877,2,0.0,0,0,0,0,3,0,10.731295,106.655887
/ho-chi-minh/anh-huy-chao-ech-singapore-pham-hung/binh-luan,Anh Huy - Cháo Ếch Singapore - Phạm Hùng,"C3-21H Phạm Hùng, X. Bình Hưng",696,1130141,2,0.0,0,0,0,0,35,0,10.7251024622171,106.6796733387707
/ho-chi-minh/vit-co-van-dinh-binh-rau-thoi-hoa/binh-luan,Vịt Cỏ Vân Đình Bình Râu - Thới Hòa,"E12 Thới Hòa, Xã Vĩnh Lộc A",696,1119935,2,0.0,0,0,0,0,22,0,10.8294707801323,106.579797681818
/ho-chi-minh/che-thai-y-vy-pham-hung/binh-luan,Chè Thái Ý Vy - Phạm Hùng,"C4/17 Phạm Hùng, X. Bình Hưng",696,1115772,2,0.0,0,0,0,0,36,0,10.730458,106.6758839
/ho-chi-minh/chong-chong-milk-tea-lai-hung-cuong/binh-luan,Chong Chóng Milk Tea - Lại Hùng Cường,"F6/26H Lại Hùng Cường, Ấp 6, Xã Vĩnh Lộc B",696,1114086,2,0.0,0,0,0,0,30,0,10.7968813,106.5679821
/ho-chi-minh/lau-cua-dong-hoa-phuong-mon-hai-phong/binh-luan,Lẩu Cua Đồng Hoa Phượng - Món Hải Phòng,"31 Đường Số 4, X. Bình Hưng",696,1111261,2,0.0,0,0,0,0,51,0,10.7390641667214,106.6907052423176
/ho-chi-minh/ga-quay-hao-hao-quoc-lo-50/binh-luan,Gà Quay Hảo Hảo - Quốc Lộ 50,"A26/31D2 Quốc Lộ 50, Ấp 1, X. Bình Hưng",696,1109557,2,0.0,0,0,0,0,20,0,10.718555142242,106.6558710550782
/ho-chi-minh/uni-zone-coffee-tea-hoang-phan-thai/binh-luan,Uni Zone Coffee & Tea - Hoàng Phan Thái,"B10/19A Hoàng Phan Thái, Xã Bình Chánh",696,1103974,2,0.0,0,1,0,0,25,0,10.6679902,106.5627845
/ho-chi-minh/bun-dau-3-chi-em-huong-lo-80/binh-luan,Bún Đậu 3 Chị Em - Hương Lộ 80,"F8/8 Hương Lộ 80, Ấp 6, Xã Vĩnh Lộc A",696,769228,2,7.1,2,3,2,1,427,4,10.814124,106.579806
/ho-chi-minh/kem-ky-hai-dang/binh-luan,Kem Ký Hải Đăng,"A19/8 Quốc Lộ 50, Xã Bình Hưng",696,870813,2,9.1,11,0,2,2,295,0,10.724006,106.655805
/ho-chi-minh/sai-gon-xua-cafe-duong-so-9a/binh-luan,Sài Gòn Xưa Cafe - Đường Số 9A,120 Đường Số 9A,696,659176,2,7.88,51,0,5,1,1309,2,10.73501,106.6893278
/ho-chi-minh/quan-bo-ne-3-ngon-ca-phe-pham-hung/binh-luan,Quán Bò Né 3 Ngon - Cà Phê - Phạm Hùng,"355 Phạm Hùng, X. Bình Hưng",696,1133342,2,10.0,2,0,1,0,30,0,10.7342468,106.673549
/ho-chi-minh/cafe-iyo-ca-phe-kem-muoi-duong-so-9a/binh-luan,Cafe IYO - Cà Phê Kem Muối - Đường Số 9A,"132 Đường Số 9A, Xã Bình Hưng",696,1013886,2,9.042,111,0,14,2,1105,1,10.734383,106.68939
/ho-chi-minh/ha-ky-hu-tieu-xao/binh-luan,Hà Ký - Hủ Tiếu Xào,A30/10 Quốc Lộ 50,696,717590,2,9.8,6,0,1,0,125,0,10.7321142,106.6561345
/ho-chi-minh/pizza-hut-saigon-mia/binh-luan,Pizza Hut - Saigon Mia,"Khu Căn Hộ Cao Cấp Saigon Mia, Đường Số 9A, Xã Bình Hưng",696,1051132,2,7.6,6,0,1,1,231,0,10.73267177811,106.6896799984344
/ho-chi-minh/hala-coffee/binh-luan,Hala Coffee,"C7/19BA, Đường C7C, Ấp 4A, X. Bình Hưng",696,296338,2,8.116,90,0,19,12,2217,9,10.7335719,106.6807799
/ho-chi-minh/quan-chi-dau-duong-so-8/binh-luan,Quán Chị Dậu - Đường Số 8,"113 Đường Số 8, KDC Trung Sơn",696,672095,2,7.654,255,0,15,17,6741,3,10.735723,106.689782
/ho-chi-minh/ran-bien-7-vo-van-tan/binh-luan,Rạn Biển 7 - Đường Số 9A,"Đường Số 9A, Xã Bình Hưng",696,661124,2,7.144,57,0,21,7,8443,2,10.738852,106.689285
/ho-chi-minh/thuan-ky-mi-gia/binh-luan,Thuận Ký Mì Gia,"26 Đường Số 18, Khu Dân Cư Him Lam",696,776485,2,8.598,42,0,15,15,361,2,10.731309,106.687147
/ho-chi-minh/kim-son-quan/binh-luan,Kim Sơn Quán,"C3/13 Phạm Hùng, xã Bình Hưng",696,13726,2,8.5,38,0,6,1,8237,3,10.736451,106.671603
/ho-chi-minh/sala-spa/binh-luan,SaLa - Coffee & Trà Sữa - Đường T4,"E2/56F An Phú Tây, X. Hưng Long",696,49856,2,7.4,2,0,5,1,8052,1,10.6604689,106.608708
/ho-chi-minh/xuan-huong-am-thuc-sinh-thai-cau-ca-giai-tri/binh-luan,Xuân Hương - Ẩm Thực Sinh Thái & Câu Cá Giải Trí,"C12/40 Nguyễn Văn Linh, Xã Bình Hưng",696,716194,2,5.902,56,0,6,10,8038,0,10.7252337,106.6748106
/ho-chi-minh/lau-diep-jp/binh-luan,Lẩu Diệp JP,"98 Đường Số 1A , KDC Trung Sơn",696,125827,2,8.08,42,0,5,4,7118,1,10.734658,106.693439
/ho-chi-minh/cafe-bo-song-trung-son/binh-luan,Cafe Bờ Sông Trung Sơn,Đường số 7A,696,11387,2,6.466,11,0,3,1,7073,0,10.728984,106.689697
/ho-chi-minh/the-home-cajun-the-home-hai-san-sot-cajun-mi-tron-vo-van-van/binh-luan,The Home Cajun - The Home Hải Sản Sốt Cajun & Mì Trộn - Võ Văn Vân,"A8/37C Võ Văn Vân, X. Vĩnh Lộc B",696,1150022,2,0.0,0,0,0,0,1,0,10.7768434,106.5734302
/ho-chi-minh/am-thuc-san-vuon-666-huong-lo-80/binh-luan,Ẩm Thực Sân Vườn 666 - Hương Lộ 80,"F9/3 Hương Lộ 80, X. Vĩnh Lộc A",696,1149749,2,0.0,0,0,0,0,2,0,10.814825,106.5806394
/ho-chi-minh/am-thuc-pro-lai-hung-cuong/binh-luan,Ẩm Thực Pro - Lại Hùng Cường,"86 Lại Hùng Cường, P. Vĩnh Lộc B",696,1149700,2,0.0,0,0,0,0,1,0,10.7963421808261,106.5724070511024
/ho-chi-minh/quan-nhau-luxabu-tran-van-giau/binh-luan,Quán Nhậu Luxabu - Trần Văn Giàu,"1A37-38 Trần Văn Giàu, X. Phạm Văn Hai",696,1149513,2,0.0,0,0,0,0,2,0,10.7678913009508,106.5578169479279
/ho-chi-minh/yd-the-box-tokbokki-cha-ca-han-quoc-satra-pham-hung/binh-luan,YD The Box - Tokbokki Chả Cá Hàn Quốc - SATRA Phạm Hùng,"Siêu Thị Satra Phạm Hùng 300 Phạm Hùng, X. Bình Hưng",696,1149471,2,0.0,0,0,0,0,5,0,10.7337505,106.6744827
/ho-chi-minh/az-tra-sua-che-khuc-bach-thoi-hoa/binh-luan,AZ - Trà Sữa & Chè Khúc Bạch - Thới Hòa,"E9/8 Thới Hòa, Ấp 5, X. Vĩnh Lộc A",696,1148350,2,0.0,0,0,0,0,1,0,10.8295182992427,106.579052696717
/ho-chi-minh/the-gioi-an-vat-ty-ty-duong-6a.sdr5xj/binh-luan,Thế giới Ăn Vặt Ty Ty - Đường 6A,"CTY May A&H B14a/13J/40j Ấp 2c, X. Vĩnh Lộc B",696,1000057272,2,0.0,0,0,0,0,0,0,10.7914786,106.5636275
/ho-chi-minh/lam-ky-com-ga-xoi-mo-vo-van-van/binh-luan,Lâm Ký - Cơm Gà Xối Mỡ - Võ Văn Vân,"C6/5 Võ Văn Vân, Ấp 3A, X. Vĩnh Lộc B",696,1147952,2,0.0,0,0,0,0,4,0,10.80403,106.577889
/ho-chi-minh/bun-bo-hue-bep-nha-tho-kdc-hanh-phuc/binh-luan,Bún Bò Huế Bếp Nhà Thỏ - KDC Hạnh Phúc,"B17 Khu Dân Cư Hạnh Phúc, X. Bình Hưng",696,1147571,2,0.0,0,0,0,0,1,0,10.712454,106.6497
/ho-chi-minh/tra-sua-u-milk-tea-chan-ga-sot-thai-my-cay-7-cap-do/binh-luan,Trà Sữa Ú Milk Tea - Chân Gà Sốt Thái & Mỳ Cay 7 Cấp Độ,"A5/49 Đường 1A, X. Vĩnh Lộc B",696,1147540,2,0.0,0,0,0,0,4,0,10.7766613,106.580692
/ho-chi-minh/chao-suon-so-11-chao-thap-cam/binh-luan,Cháo Sườn Số 11 - Cháo Thập Cẩm,"11 Đường Số 9, X. Bình Hưng",696,1136445,2,10.0,3,0,1,0,11,0,10.727487,106.653852
/ho-chi-minh/milano-coffee-huynh-van-tri/binh-luan,Milano Coffee - Huỳnh Văn Trí,"D12/17 Huỳnh Văn Trí, Ấp 4, Xã Bình Chánh",696,1032536,2,10.0,2,0,1,0,62,0,10.666249,106.578564
/ho-chi-minh/zen-milk-tea-tra-sua-tran-chau-duong-den-lien-ap-2-6/binh-luan,ZEN MILK TEA - Trà Sữa Trân Châu Đường Đen - Liên Ấp 2-6,"F5/15H Liên Ấp 2-6, X. Vĩnh Lộc A",696,1132718,2,10.0,2,0,1,0,24,0,10.81811,106.569441
,Ngân Bún Riêu Ốc Và Canh Bún Quốc Lộ 50,A13/20 Quốc Lộ 50 Bình Hưng Bình Chánh,696,1118961,2,10.0,3,0,1,0,0,0,10.7249907186777,106.6548064570556
/ho-chi-minh/season-tea-tra-sua-tra-trai-cay-kdc-mizuki-park/binh-luan,Season Tea - Trà sữa & Trà Trái Cây - KDC Mizuki Park,"Toà MP2 - 1.14 KDC Mizuki Park Đường Số 1 Ấp 3A, X. Bình Hưng",696,1124391,2,10.0,0,0,1,0,31,0,10.7146509,106.6634352
/ho-chi-minh/henry-peter-ga-ran-an-vat/binh-luan,Henry & Peter - Gà Rán & Ăn Vặt,"C1/5 Quách Điêu, Xã Vĩnh Lộc A",696,950451,2,10.0,0,0,1,0,74,0,10.825281,106.573469
/ho-chi-minh/lam-ky-hu-tieu-xao-mi-xao-com-chien/binh-luan,"Lâm Ký - Hủ Tiếu Xào, Mì Xào & Cơm Chiên","C6/5 Võ Văn Vân, Ấp 3, X. Vĩnh Lộc B",696,766821,2,9.9,8,0,2,4,140,2,10.804196,106.577894
/ho-chi-minh/quan-com-tam-ngon-ngon-pham-hung/binh-luan,Quán Cơm Tấm Ngon Ngon - Phạm Hùng,"C8/1C Phạm Hùng, X. Bình Hưng",696,1140667,2,9.9,4,0,2,0,27,1,10.7303002,106.67626
/ho-chi-minh/tra-sua-hong-kong-tra-sua-tuoi-tran-chau/binh-luan,Trà Sữa Hong Kong Tea & Trà Sữa Tươi Trân Châu HongKong,"28 Đường Số 7, P. Bình Hưng",696,978825,2,9.8,85,0,2,0,194,1,10.738733,106.690748
/ho-chi-minh/dinh-y-com-ga-xoi-mo/binh-luan,Dinh Ý - Cơm Gà Xối Mỡ,"2F-2T Đường Số 10, Xã Bình Hưng",696,745843,2,9.8,6,2,3,0,186,0,10.727039,106.654735
/ho-chi-minh/sushi-now-sushi-bento/binh-luan,Sushi Now - Sushi Bento,"C18/29 KDC Trung Sơn, Đường số 9, Xã Bình Hưng",696,791550,2,6.742,114,0,17,4,616,1,10.738556,106.68901
/ho-chi-minh/hai-quang-lau-ca-thac-lac/binh-luan,Hai Quang - Lẩu Cá Thác Lác,X12 Đường Số 5A,696,729954,2,8.268,13,0,3,20,1800,5,10.725046,106.652812
/ho-chi-minh/hoa-dang-tuu-phung/binh-luan,Hoa Đăng Tửu Phùng,"C19/11A Đường Số 9A, Xã Bình Hưng",696,277522,2,6.776,164,0,8,17,4643,3,10.7390795350457,106.6891282796859
/ho-chi-minh/mu-ka-tha-hai-san-tuoi-song-bbq/binh-luan,Mũ Kà Thá - Hải Sản Tươi Sống & BBQ,"C7 Phạm Hùng, Xã Bình Hưng",696,909949,2,8.328,102,0,8,15,2110,1,10.732588,106.674513
/ho-chi-minh/bep-soi-thuong-ga-tiem-ot-xiem-shop-online/binh-luan,Bếp Sợi Thương - Gà Tiềm Ớt Xiêm - Shop Online,"A23/2 Quốc Lộ 50, X. Bình Hưng",696,660569,2,8.15,22,0,4,15,1625,1,10.722869,106.655426
/ho-chi-minh/ok-3-con-de/binh-luan,Ok 3 Con Dê - Lẩu Dê Chính Hiệu - Phạm Hùng,C3/9 Phạm Hùng,696,113939,2,6.032,59,0,12,14,5923,2,10.7337435,106.673474
/ho-chi-minh/mi-cay-ga-gion-apc-tran-van-giau/binh-luan,Mì Cay & Gà Giòn APC - Trần Văn Giàu,"A3/31B Trần Văn Giàu, Xã Lê Minh Xuân",696,1084743,2,0.0,0,0,0,0,18,0,10.7875087834594,106.5177889396952
/ho-chi-minh/ama-tea-tra-sua-nha-lam/binh-luan,Ama Tea - Trà Sữa Nhà Làm,"G5/16E Trần Văn Giàu, Ấp 7, X. Lê Minh Xuân",696,916159,2,0.0,0,1,0,0,30,0,10.787563,106.518346
/ho-chi-minh/quan-bo-song-an-ha/binh-luan,Quán Bờ Sông An Hạ,"5M34 Ấp 5 An Hạ, X. Phạm Văn Hai",696,1080812,2,0.0,0,0,0,0,20,0,10.8311097613424,106.5241283832066
/ho-chi-minh/bun-bo-ut-nhi-an-ha/binh-luan,Bún Bò Út Nhi - An Hạ,"5N35/2E An Hạ, Tổ 16, Ấp 5, X. Phạm Văn Hai",696,1108697,2,0.0,0,0,0,0,4,0,10.8317727837001,106.5243112390298
/ho-chi-minh/sang-ly-bun-vit-dau-cho-cau-xang.6zz5zs/binh-luan,Sang Ly - Bún Vịt - Đầu Chợ Cầu Xáng,"16 Thanh Niên, P. Phạm Văn Hai",696,1000051036,2,0.0,0,0,0,0,3,0,10.8380273,106.5265772
/ho-chi-minh/golden-coffee-le-dinh-chi/binh-luan,Golden Coffee - Lê Đình Chi,"G9/42 Lê Đình Chi, X. Lê Minh Xuân",696,207700,2,0.0,22,0,0,0,179,2,10.766171,106.523054
/ho-chi-minh/hu-tieu-bun-rieu-nga-kinh-a/binh-luan,Hủ Tiếu & Bún Riêu Nga - Kinh A,"F1/1 Kinh A, Xã Lê Minh Xuân",696,978216,2,0.0,4,0,0,0,18,0,10.779794,106.532461
/ho-chi-minh/han-han-bakery/binh-luan,Hân Hân Bakery,"Tỉnh Lộ 10, Xã Lê Minh Xuân",696,245236,2,0.0,0,0,0,0,495,0,10.780092,106.533372
/ho-chi-minh/tiem-tra-sua-rosy-86-tran-van-giau/binh-luan,Tiệm Trà Sữa Rosy 86 - Trần Văn Giàu,"2A85 Trần Văn Giàu, Ấp 2, X. Phạm Văn Hai",696,1113539,2,0.0,0,0,0,0,25,0,10.7796105,106.5347226
/ho-chi-minh/true-cafe-binh-chanh/binh-luan,TRUE CAFE - Bình Chánh,"2A104 Ấp 2, P. Phạm Văn Hai",696,973751,2,0.0,0,0,0,0,54,0,10.820514,106.540015
/ho-chi-minh/rovina-coffee-tran-dai-nghia/binh-luan,Rovina Coffee - Trần Đại Nghĩa,E7/49D Trần Đại Nghĩa,696,825503,2,0.0,0,0,0,0,13,0,10.745174,106.537514
/ho-chi-minh/com-tam-thuan-kieu-tran-van-giau/binh-luan,Thuận Kiều - Cơm Tấm Bình Dân - Trần Văn Giàu,"1A69 Trần Văn Giàu, X. Phạm Văn Hai",696,706106,2,0.0,1,1,0,0,112,0,10.7763552331852,106.5394234657288
/ho-chi-minh/chuk-tra-ca-phe-saigon-mia/binh-luan,Chuk Trà & Cà Phê - Saigon MIA,"L1-03 Saigon MIA, Chung Cư Cụm III,IV Đường 9A, KDC Trung Sơn, X. Bình Hưng",696,1137392,2,0.0,0,0,0,0,17,0,10.7335182,106.688844
/ho-chi-minh/hong-ky-mi-gia-mi-vit-tiem-quoc-lo-1a/binh-luan,Hồng Ký Mì Gia - Mì Vịt Tiềm - Quốc Lộ 1A,"B4/17A Quốc Lộ 1A, X. Tân Kiên",696,1104744,2,0.0,0,0,0,0,30,0,10.722266,106.600272
/ho-chi-minh/hu-tieu-nam-vang-nhan-quan-quoc-lo-50/binh-luan,Hủ Tiếu Nam Vang Nhân Quán - Quốc Lộ 50,"A23/9 Quốc Lộ 50, X. Bình Hưng",696,5547,2,6.498,86,0,14,9,2838,7,10.7267446,106.6560587
/ho-chi-minh/com-chay-thanh-tinh-nguyen-van-linh/binh-luan,Cơm Chay Thanh Tịnh - Nguyễn Văn Linh,"C13 Nguyễn Văn Linh, Bình Hưng",696,1111616,2,0.0,0,0,0,0,26,0,10.727951,106.6845427
/ho-chi-minh/passio-coffee-mia-saigon/binh-luan,Passio Coffee - Mia Saigon,"Khu Căn Hộ Cao Cấp Mia Sài Gòn, Đường Số 9A, X. Bình Hưng",696,1000229,2,7.4,0,0,1,0,153,0,10.733364,106.689319
/ho-chi-minh/bun-dau-bamboo-quach-dieu/binh-luan,Bún Đậu Bamboo - Quách Điêu,"F12/2V Quách Điêu, Xã Vĩnh Lộc A",696,1070657,2,0.0,0,0,0,0,70,0,10.8160023,106.5768947
/ho-chi-minh/tra-sua-fozu-binh-chanh/binh-luan,Trà Sữa Fozu - Bình Chánh,"F7/22 Vĩnh Lộc, X. Vĩnh Lộc A",696,1078290,2,0.0,0,0,0,0,69,0,10.8137087,106.5791973
/ho-chi-minh/tocotoco-bubble-tea-nguyen-thi-tu/binh-luan,TocoToco Bubble Tea - Nguyễn Thị Tú,"D6/3 Nguyễn Thị Tú, Ấp 4, Xã Vĩnh Lộc B",696,1049868,2,4.8,1,2,1,0,161,0,10.8139808573819,106.5798862763949
/ho-chi-minh/chao-goi-vit-huong-lan-goi-vit-goi-ga.ghn9ba/binh-luan,Cháo Gỏi Vịt Hương Lan - Gỏi Vịt & Gỏi Gà,"A30/03 Quốc lộ 50, X. Bình Hưng",696,1000031391,2,0.0,0,0,0,0,30,0,10.732039,106.656169
/ho-chi-minh/ong-cao-banh-canh-trang-bang/binh-luan,Ông Cáo - Bánh Canh Trảng Bàng,"122 Đường Số 9A, P. Bình Hưng",696,39846,2,6.94,67,0,13,10,2813,6,10.735185,106.689348
/ho-chi-minh/abc-bakery-binh-chanh/binh-luan,ABC Bakery - Bình Chánh,"A 27/9 Quốc lộ 50, P. Bình Hưng ",696,4412,2,7.778,125,0,8,6,5978,3,10.726851,106.655842
/ho-chi-minh/xien-que-lau-nuong-kdc-trung-son/binh-luan,Xiên Que & Lẩu Nướng - KDC Trung Sơn,"Khu Dân Cư Trung Sơn, Bình Hưng",696,184886,2,6.384,124,0,12,8,3235,3,10.736044,106.689026
/ho-chi-minh/7-days-coffee/binh-luan,7 Days Coffee,"30 Đường Số 5, Xã Bình Hưng",696,251760,2,7.672,25,0,11,4,534,2,10.735694,106.673675
/ho-chi-minh/boss-karaoke-restaurant/binh-luan,BOSS Karaoke & Restaurant,"Lầu 3, 4 Tòa Nhà SISC, 27 - 29 - 31 Đường Số 9A, KDC Trung Sơn, Xã Bình Hưng",696,298822,2,7.944,43,0,7,7,3812,4,10.738743,106.689858
/ho-chi-minh/bbq-ngoi-mon-nuong/binh-luan,BBQ Ngói - Món Nướng,"168 Đường Số 1, KDC Trung Sơn",696,173822,2,6.526,90,0,8,4,3718,4,10.731535,106.690103
/ho-chi-minh/mi-tron-ten-lua-trung-son/binh-luan,Mì Trộn Tên Lửa - Trung Sơn,"120 Đường Số 9A, Xã Bình Hưng",696,1056830,2,0.0,0,3,0,0,159,0,10.7364198668364,106.6897562467611
/ho-chi-minh/com-tam-thanh-thuy/binh-luan,Cơm Tấm Thanh Thuý,"E3/21N Thới Hoà, Ấp 5, P. Vĩnh Lộc A",696,1063231,2,0.0,0,0,0,0,32,0,10.829894,106.577665
/ho-chi-minh/com-tam-binh-dan-thoi-hoa/binh-luan,Cơm Tấm Bình Dân - Thới Hòa,E6/11 Thới Hòa,696,781218,2,0.0,1,0,0,0,24,0,10.8301330395727,106.5764181425648
/ho-chi-minh/royal-seafood-vinh-loc-a-sup-bao-ngu-vi-ca-hai-sam-dai-bo/binh-luan,Royal Seafood Vĩnh Lộc A - Súp Bào Ngư Vi Cá & Hải Sâm Đại Bổ,"D10/3E/1 Ấp 4, X. Vĩnh Lộc A",696,1140325,2,0.0,0,0,0,0,20,0,10.833451,106.567749
/ho-chi-minh/viet-soup-vo-van-van/binh-luan,Việt Soup - Võ Văn Vân,"D18/37 Ấp 4 Võ Văn Vân, X. Vĩnh Lộc B",696,1104849,2,0.0,0,0,0,0,9,0,10.8124222,106.5791505
/ho-chi-minh/com-tam-nghia-vo-van-van/binh-luan,Cơm Tấm Nghĩa - Võ Văn Vân,"17/2 Ấp 4 Võ Văn Vân, Xã Vĩnh Lộc B",696,1062112,2,0.0,1,0,0,0,64,0,10.8124344,106.5792272
/ho-chi-minh/tan-hoa-ky-hu-tieu-mi-gia-duong-so-10/binh-luan,Tân Hòa Ký - Hủ Tiếu Mì Gia - Đường Số 10,"46 Đường Số 10, KDC Ấp 2, X. Bình Hưng",696,1033261,2,0.0,0,0,0,0,42,0,10.72714,106.652626
/ho-chi-minh/bap-nep-bap-my-hap-sua-tuoi-bung-binh-trung-son/binh-luan,Bắp Nếp & Bắp Mỹ Hấp Sữa Tươi - Bùng Binh Trung Sơn,"Đường Số 9A, X. Bình Hưng",696,785517,2,0.0,1,0,0,0,124,0,10.7386903,106.6896757
/ho-chi-minh/quan-dung-chan-ga-bach-tuoc-nuong/binh-luan,Quán Dũng - Chân Gà & Bạch Tuộc Nướng,27-29-31 Đường Số 9A,696,785512,2,0.0,1,3,0,1,87,0,10.7385817,106.6896327
/ho-chi-minh/mi-gia-hoa-ky-3/binh-luan,Hoà Ký - Mì Vịt Tiềm & Sủi Cảo - Nguyễn Thị Tú,"D1/2b Nguyễn Thị Tú, X.Vĩnh Lộc B",696,980051,2,0.0,0,1,0,1,37,0,10.8146717,106.5831328
/ho-chi-minh/chi-toai-love-ao-dai-coffee/binh-luan,Chí Toại - Love Áo Dài Coffee,"71 Đường Số 6, KDC Trung Sơn",696,716311,2,8.4,21,0,1,1,244,0,10.7375623,106.6913324
/ho-chi-minh/minh-ngoc-quan-bun-moc-bo-kho-hoanh-thanh/binh-luan,"Minh Ngọc Quán - Bún Mọc, Bò Kho & Hoành Thánh","SH4/D03 Chung Cư Hoàng Quân HQ3, Nguyễn Văn Linh, X. An Phú Tây",696,891458,2,0.0,14,0,0,0,58,0,10.694844,106.606028
/ho-chi-minh/quan-com-que-huong-5/binh-luan,Quán Cơm Quê Hương 5,E5/1 Thới Hòa,696,780023,2,0.0,1,0,0,0,34,0,10.831157,106.5740739
/ho-chi-minh/nuong-lau-pho-duong-so-8/binh-luan,Nướng Lẩu Phố - Đường Số 8,"19 Đường Số 8, Khu Dân Cư Trung Sơn, X. Bình Hưng",696,1125267,2,0.0,0,0,0,0,10,0,10.734457,106.6906744
/ho-chi-minh/ca-phe-pho-duong-so-8/binh-luan,Cà Phê Phố - Đường Số 8,"15 Đường Số 8, Khu Dân Cư Trung Sơn, Xã Bình Hưng",696,1125272,2,0.0,0,0,0,0,22,0,10.734457,106.6906744
/ho-chi-minh/chuk-chuk-food-and-beer-chuyen-phuc-vu-cac-mon-an-ngon-45-duong-so-19/binh-luan,Chuk Chuk Food And Beer - Chuyên Phục Vụ Các Món Ăn Ngon - 45 Đường Số 19,"45 Đường Số 19, X. Bình Hưng",696,1000056215,2,0.0,0,0,0,0,5,0,10.7272721,106.6507525
/ho-chi-minh/kim-huong-lo-banh-mi/binh-luan,Kim Hương - Lò Bánh Mì,"12B (Số Cũ C1/6) Phạm Hùng, Xã Bình Hưng",696,1047124,2,9.0,1,0,1,0,31,0,10.735595,106.672144
/ho-chi-minh/ga-dong-chao-ga-goi-ga-quach-dieu/binh-luan,Gà Đồng - Cháo Gà & Gỏi Gà - Quách Điêu,"F7/51 Quách Điêu, Ấp 6, X. Vĩnh Lộc A",696,722115,2,5.08,28,0,5,5,833,0,10.8175235,106.5764846
/ho-chi-minh/bun-bo-van-thinh-tan-tuc/binh-luan,Bún Bò Vạn Thịnh - Tân Túc,"C12/18A Tân Túc, TT. Tân Túc",696,943927,2,0.0,5,1,0,0,109,0,10.685805,106.583572
/ho-chi-minh/quan-hem-14-my-cay-tokbokki-c1-18r-pham-hung/binh-luan,Quán Hẻm 14 - Mỳ Cay Tokbokki - C1/18R Phạm Hùng,"C1/18R Phạm Hùng, Xã Bình Hưng",696,1146363,2,9.8,6,0,1,0,6,0,10.735316,106.671596
/ho-chi-minh/bo-co-van-beefsteak-hem-c7/binh-luan,Bò Cô Vân - Beefsteak - Hẻm C7,"C7/30E1 Ấp 4A, Xã Bình Hưng",696,1000025503,2,5.0,0,0,1,0,45,0,10.730926,106.6798154
/ho-chi-minh/xoi-chien-com-chay-banh-trang-cuon/binh-luan,Xôi Chiên - Cơm Cháy - Bánh Tráng Cuốn,C4/13 Phạm Hùng,696,142039,2,6.8,12,0,2,13,5926,5,10.7310314274461,106.6753739118576
/ho-chi-minh/vit-quay-hung-trang/binh-luan,Vịt Quay Hùng Trang,"Quốc Lộ 50, X. Bình Hưng",696,245099,2,8.6,1,0,1,9,5818,14,10.716416,106.65552
/ho-chi-minh/phoenix-cafe-centre-mall/binh-luan,Phoenix Cafe - Centre Mall,"Lầu 3 Centre Mall, C6/27 Phạm Hùng",696,133613,2,7.484,33,0,7,1,5448,1,10.733308,106.67394
/ho-chi-minh/muc-rim-binh-dinh-shop-online/binh-luan,Mực Rim Bình Định - Shop Online,Phạm Hùng,696,135250,2,0.0,5,0,0,0,5224,0,10.7265052,106.6788506
/ho-chi-minh/thai-cafe-duong-so-1/binh-luan,Thái Cafe,"94 Đường Số 1, KDC Trung Sơn",696,262664,2,7.0,5,0,1,0,5119,1,10.732836,106.69138
/ho-chi-minh/nha-hang-sinh-thai-suoi-mo-2/binh-luan,Suối Mơ 2 - Vĩnh Lộc,"F1/63, Tổ 2A, Ấp 6, Quách Điêu, Xã Vĩnh Lộc A",696,1085,2,8.6,10,0,1,0,4563,2,10.815265,106.576781
/ho-chi-minh/minh-tien-hot-vit-lon-muc-nuong-ap-4/binh-luan,Minh Tiến - Hột Vịt Lộn & Mực Nướng - Ấp 4,"99 PMQQ + Q74, Ấp 4, Đi Cuối Sân Bóng Khôi Nnguyên, Xã Bình Hưng",696,1147501,2,0.0,0,0,0,0,2,0,10.740132,106.688707
/ho-chi-minh/tra-sua-te-amo-c2-1a-vo-van-van/binh-luan,Trà Sữa Te Amo – C2/1A Võ Văn Vân,"C2/1A Võ Văn Vân, Ấp 3, X. Vĩnh Lộc B",696,1147466,2,0.0,0,0,0,0,6,0,10.7961015,106.576861
/ho-chi-minh/b-b-tra-sua-caffe-vo-van-van/binh-luan,B&B - Trà Sữa & Caffe - Võ Văn Vân ,"B4/32 Võ Văn Vân, X. Vĩnh Lộc B",696,1000056715,2,0.0,0,0,0,0,0,0,10.7932443,106.5764771
/ho-chi-minh/xi-pho-quan-goi-thai-bac-xiu-pham-hung/binh-luan,Xì Phố Quán - Gỏi Thái & Bạc Xỉu - Phạm Hùng,"C6/27 Phạm Hùng, Xã Bình Hưng",696,1147111,2,0.0,0,0,0,0,1,0,10.7337319260271,106.6742128974469
/ho-chi-minh/phuc-long-chung-cu-cc1-nam-thanh-pho/binh-luan,Phúc Long Chung Cư CC1 Nam Thành Phố,"Chung Cư CC1, Khối HQ, Khu Đô Thị Mới Nam TP, Ấp 3, X. An Phú Tây",696,1147084,2,0.0,0,0,0,0,4,0,10.6951036,106.607156
/ho-chi-minh/ga-ran-fkt-pham-hung/binh-luan,Gà Rán FKT - Phạm Hùng,"5C/26 Phạm Hùng, X. Bình Hưng",696,1146705,2,0.0,0,0,0,0,7,0,10.7231692,106.6807899
/ho-chi-minh/quan-co-tu-bun-rieu-canh-bun-quach-dieu/binh-luan,Quán Cô Tư - Bún Riêu & Canh Bún - Quách Điêu,"F12/7I Quách Điêu, Ấp 6, Xã Vĩnh Lộc A",696,1146546,2,0.0,0,0,0,0,4,0,10.835599,106.560047
/ho-chi-minh/cafe-nhu-y-cafe-tra-sua-thuc-an-nhanh/binh-luan,"Cafe Như Ý - Cafe, Trà Sữa & Thức Ăn Nhanh","F12/12/3 Quách Điêu, Ấp 6, X. Vĩnh Lộc A",696,1145772,2,0.0,0,0,0,0,2,0,10.8169642,106.5850577
/ho-chi-minh/delice/binh-luan,Délice,"66 Đường Số 3 KDC Trung Sơn, Xã Bình Hưng (Đối Diện Trường Singapore International)",696,1060959,2,9.8,1,0,1,0,78,0,10.7367694875231,106.6915981849874
/ho-chi-minh/the-coffee-shop-nguyen-van-linh/binh-luan,The Coffee Shop - Nguyễn Văn Linh,"B01 - 02 Chung Cư Conic Garden, Nguyễn Văn Linh, Xã Phong Phú",696,777182,2,9.8,0,0,1,0,90,0,10.717571,106.637982
/ho-chi-minh/nhu-y-nuoc-ep-tra-sua/binh-luan,Nước Thảo Mộc Như Ý,"C19 Đường Số 9, Xã Bình Hưng",696,990673,2,9.8,0,0,1,0,73,0,10.738095,106.689058
/ho-chi-minh/bo-bit-tet-99-duong-so-1/binh-luan,Bò Bít Tết 99 - Đường Số 1,"33 Đường Số 1, Ấp 2, Khu Dân Cư Bình Hưng, X. Bình Hưng",696,1067651,2,9.732,8,0,3,2,90,3,10.7251822,106.6540232
/ho-chi-minh/tra-sua-ca-peo-tra-sua-an-vat-kdc-trung-son.01wv1j/binh-luan,Trà Sữa Cá Péo - Trà Sữa & Ăn Vặt - KDC Trung Sơn,"Chung cư Silland (Sinh Lợi) Đường Số 9, X. Bình Hưng",696,1000036145,2,9.65,4,0,4,0,35,0,10.7313203,106.6890423
/ho-chi-minh/freshway-coffee-giai-khat/binh-luan,Freshway - Food & Drink,"157 - 159 Đường 9A, Xã Bình Hưng",696,1033269,2,9.6,4,0,2,4,136,0,10.735014,106.689668
/ho-chi-minh/lam-ky-hu-tieu-nam-vang-com-chien-duong-chau/binh-luan,Lâm Ký - Hủ Tiếu Nam Vang & Cơm Chiên Dương Châu,"12A/25 Tổ 9 Ấp 2, Đường Liên Ấp 123, X. Vĩnh Lộc A",696,780693,2,9.6,1,0,1,0,144,0,10.793218,106.579435
/ho-chi-minh/co-mai-banh-khot-banh-mi-hap/binh-luan,Cô Mai - Bánh Khọt & Bánh Mì Hấp,"A18/19 Quốc Lộ 50, Xã Bình Hưng",696,910984,2,9.598,5,0,3,2,204,1,10.721191,106.655885
/ho-chi-minh/tap-tap-lau-ca-vien-xien-que/binh-luan,Tap Tap - Lẩu Cá Viên & Xiên Que,"C10/6 Phạm Hùng, Ấp 5, Xã Bình Hưng",696,1030756,2,9.532,26,0,3,0,116,0,10.7270156999999,106.6788251
/ho-chi-minh/rat-hue-cac-mon-hue/binh-luan,Rất Huế - Các Món Huế,"78 Đường Số 8, KDC Trung Sơn, Xã Bình Hưng",696,749031,2,6.998,43,0,13,7,709,1,10.73584,106.69136
/ho-chi-minh/kapu-milk-tea/binh-luan,Kapu Milk Tea,"97 Đường Số 9A, Xã Bình Hưng",696,742061,2,6.302,56,0,12,1,315,2,10.736764,106.689729
/ho-chi-minh/lam-lam-mi-gia/binh-luan,Lâm Lâm Mì Gia,65 Đường Số 9A,696,263482,2,5.728,19,0,8,13,2581,4,10.73747,106.689741
/ho-chi-minh/chan-me-ga-nuong-thu-duong-so-2b/binh-luan,Chân & Mề Gà Nướng Thu - Đường Số 2B,Cầu Kênh Xáng,696,143003,2,6.428,38,0,7,13,2289,3,10.7395848,106.6896717
/ho-chi-minh/banh-gao-cay-tokbokki/binh-luan,Bánh Gạo Cay Tokbokki,"54/141 Phạm Hùng, Xã Bình Hưng",696,869090,2,6.85,27,0,4,11,891,2,10.732859,106.669668
/ho-chi-minh/cong-hau-2-com-chien-ga-xoi-mo/binh-luan,Công Hậu 2 - Cơm Chiên Gà Xối Mỡ,"1A69/1 Trần Văn Giàu, Xã Phạm Văn Hai",696,786575,2,0.0,1,0,0,0,46,0,10.7763552331852,106.5394234657288
/ho-chi-minh/hu-tieu-le/binh-luan,Hủ Tiếu Lệ,"Trần Văn Giàu, Xã Phạm Văn Hai",696,776220,2,7.6,8,0,1,1,291,1,10.7766497,106.5397298
/ho-chi-minh/an-vat-co-hai-ca-vien-chien-chien-nuoc-mam/binh-luan,Ăn Vặt Cô Hai - Cá Viên Chiên Chiên Nước Mắm,"384 Kinh Trung Ương, X. Vĩnh Lộc A",696,1142930,2,0.0,0,0,0,0,3,0,10.8074133,106.5457651
/ho-chi-minh/pizza-tra-sua-lang-le-bau-co/binh-luan,Láng le bàu cò lê minh xuân  - Pizza trà sữa  - Láng le bàu cò lê minh xuân ,G15/13 b láng le bàu cò lê minh xuân bình chánh ,696,1000055080,2,0.0,0,0,0,0,3,0,10.7626554,106.5475543
/ho-chi-minh/chao-dinh-duong-vina-soup-cho-lien-ap-2-6/binh-luan,Cháo Dinh Dưỡng Vina Soup - Chợ Liên Ấp 2-6,"F5/4 Đường Liên Ấp 2-6, Ấp 6, X. Vĩnh Lộc A",696,1076604,2,0.0,0,0,0,0,21,0,10.8200788,106.5509614
/ho-chi-minh/quan-bee-com-ga-tra-sua/binh-luan,Quán Bee - Cơm Gà & Trà Sữa,"E7/32D Võ Hữu Lợi, Xã Lê Minh Xuân",696,963590,2,0.0,0,0,0,0,20,0,10.76999,106.550965
/ho-chi-minh/napoli-coffee-tran-dai-nghia/binh-luan,Napoli Coffee - Trần Đại Nghĩa,"1 Đường Số 1 - Khu Dân Cư Amazing - Trần Đại Nghĩa, Ấp 2, P. Tân Nhựt",696,1076176,2,0.0,0,0,0,0,7,0,10.7366746,106.5491751
/ho-chi-minh/bien-nho-lau-cac-mon-hai-san/binh-luan,Biển Nhớ - Lẩu & Các Món Hải Sản,"1A112 Vĩnh Lộc, X. Phạm văn Hai",696,780048,2,0.0,1,4,0,1,130,0,10.7815756,106.5517978
/ho-chi-minh/com-tam-dem-binh-dan/binh-luan,Cơm Tấm Đêm Bình Dân,"1A/17/2 Vĩnh Lộc, X. Phạm Văn Hai",696,780045,2,0.0,1,0,0,0,59,0,10.7819692,106.5518233
/ho-chi-minh/kenrie-tea/binh-luan,Kenrie Tea,"G11/2D Láng Le Bàu Cò, Xã Lê Minh Xuân",696,1079241,2,0.0,0,0,0,0,44,0,10.7694273,106.5511432
/ho-chi-minh/a-tai-com-ga/binh-luan,A Tài Cơm Gà,"A6/6E/12 Ấp 1A, X. Vĩnh Lộc A",696,1076203,2,0.0,0,0,0,0,12,0,10.8039746,106.5531567
/ho-chi-minh/an-vat-dora/binh-luan,Ăn Vặt Dora,"G11/2F2 Láng Le Bàu Cò, Ấp 7, Xã Lê Minh Xuân",696,774150,2,0.0,0,0,0,0,82,1,10.7696632,106.5513309
/ho-chi-minh/phuc-long-d1-1-nguyen-thi-tu/binh-luan,Phúc Long D1/1 Nguyễn Thị Tú,"D1/1 Nguyễn Thị Tú, Ấp 4, Xã Vĩnh Lộc B",696,1123133,2,0.0,0,0,0,0,19,0,10.8146774,106.5833771
/ho-chi-minh/ga-ran-chicken-plus-pham-hung/binh-luan,Gà Rán Chicken Plus - Phạm Hùng,"C4 - 36 Phạm Hùng, X. Bình Hưng",696,1128432,2,9.466,3,0,3,0,74,0,10.7302958,106.6758494
/ho-chi-minh/bun-dau-mam-tom-met-quan-vinh-loc/binh-luan,Bún Đậu Mắm Tôm Mẹt Quán - Vĩnh Lộc,"963 Vĩnh Lộc, X. Vĩnh Lộc B",696,1107992,2,0.0,0,0,0,0,37,0,10.7917245,106.5558236
/ho-chi-minh/domino-s-pizza-nguyen-thi-tu/binh-luan,Domino's Pizza - Nguyễn Thị Tú,"D1/10D Nguyễn Thị Tú, Xã Vĩnh Lộc B",696,1065093,2,0.0,0,0,0,0,196,1,10.814338,106.582133
/ho-chi-minh/su-tu-xoan-cafe-binh-chanh/binh-luan,Sư Tử Xoắn Cafe - Bình Chánh,Gần Nhà Thờ Bình Chánh,696,121867,2,6.578,16,0,9,6,1300,5,10.6607608366367,106.5660162270069
/ho-chi-minh/quan-viet-hoa-hu-tieu-xao-mi-xao-gion-com-ga/binh-luan,"Quán Việt Hoa - Hủ Tiếu Xào, Mì Xào Giòn & Cơm Gà","A6/A11 Quốc Lộ 50, Xã Bình Hưng",696,715888,2,9.144,16,0,7,2,326,9,10.729271,106.6560888
/ho-chi-minh/food-studio-centre-mall-pham-hung/binh-luan,Food Studio - Centre Mall Phạm Hùng,"Lầu 3 Centre Mall, C6/27 Phạm Hùng",696,129051,2,6.46,68,0,10,2,2037,2,10.733308,106.67394
/ho-chi-minh/takashi-sushi/binh-luan,Takashi Sushi,"B-021 Block B, Khu Ehome S Nam Sài Gòn, Xã Bình Hưng",696,1039391,2,8.24,294,0,5,6,352,1,10.714475,106.661238
/ho-chi-minh/lim-quan-da-nam/binh-luan,Lim Quán MTP - 146 Đường Số 1,"146 Đường Số 1 KDC Trung Sơn, X. Bình Hưng",696,201335,2,7.6,36,0,4,6,1465,4,10.7326787,106.6911612
/ho-chi-minh/phuc-loc-tho-cafe/binh-luan,Phúc Lộc Thọ Cafe,"3 Đường Số 22, Xã Bình Hưng",696,223227,2,8.268,23,0,6,2,213,7,10.7305438960351,106.6529352217912
/ho-chi-minh/nha-hang-112-oc-hai-san/binh-luan,Nhà Hàng 112 - Ốc & Hải Sản,"112 Đường 9A, Khu Dân Cư Trung Sơn",696,633912,2,8.3,33,0,4,8,1686,6,10.734296,106.689645
/ho-chi-minh/ca-vien-chien-sinh-vien/binh-luan,Cá Viên Chiên Sinh Viên,"1069/8 Quốc Lộ 50, Ấp 3A, Xã Bình Hưng",696,1026875,2,9.034,18,0,6,9,200,1,10.716636,106.656175
/ho-chi-minh/tri-an-bakery-milktea/binh-luan,Tri Ân Bakery & Milktea,"1/27 Đinh Đức Thiện, Ấp 4, X. Tân Quý Tây",696,248938,2,2.89,172,0,9,4,505,4,10.6555338,106.5849634
/ho-chi-minh/banh-canh-cua-991/binh-luan,Bánh Canh Cua 991,D1/13 Quốc Lộ 50,696,685909,2,0.0,0,0,0,0,100,0,10.692393,106.655063
/ho-chi-minh/tra-sua-nuoc-ep-sinh-to-duong-hung-nhon/binh-luan,"Trà Sữa, Nước Ép & Sinh Tố - Đường Hưng Nhơn","C5/22 Hưng Nhơn, X. Tân Kiên",696,1000037753,2,0.0,0,0,0,0,37,0,10.7120884,106.5974195
/ho-chi-minh/tra-sua-maika/binh-luan,Trà Sữa Maika,"C8/23 Bầu Gốc, X. Tân Kiên",696,1079236,2,0.0,0,0,0,0,33,0,10.7063477,106.5958644
/ho-chi-minh/phuc-long-39-duong-19/binh-luan,Phúc Long 39 Đường 19,"39 Đường 19, Khu Dân Cư số 4, X. Phong Phú",696,1147081,2,0.0,0,0,0,0,17,0,10.6920946,106.6431316
/ho-chi-minh/dau-ma-mix-dau-nanh-rau-ma-trung-son/binh-luan,Đậu Má Mix - Đậu Nành & Rau Má - Trung Sơn,"120 Đường Số 9A, Xã Bình Hưng",696,1055798,2,0.0,0,0,0,0,58,0,10.736449,106.689747
/ho-chi-minh/quan-thao-2-hai-san-tuoi-song-lien-ap-1-2-3-ap-1b.pohipq/binh-luan,Quán Thảo 2 - Hải Sản Tươi Sống - Liên Ấp 1-2-3 Ấp 1B,"A18/33 Liên Ấp 1-2-3 Ấp 1B, X. Vĩnh Lộc B",696,1000051229,2,0.0,0,0,0,0,35,0,10.7779165,106.5862883
/ho-chi-minh/com-ga-xoi-mo-nhu-y/binh-luan,Cơm Gà Xối Mỡ Như Ý,"14A Quách Điêu, Xã Vĩnh Lộc A",696,1055595,2,0.0,0,0,0,0,41,0,10.820046,106.576094
/ho-chi-minh/bun-bo-hue-thai-nhan-vinh-loc/binh-luan,Bún Bò Huế Thái Nhân - Vĩnh Lộc,"963 Vĩnh Lộc, Ấp 5, X. Vĩnh Lộc B",696,1106270,2,0.0,0,0,0,0,17,0,10.7920143,106.555786
/ho-chi-minh/com-tam-a-quang-hu-tieu-com-tam/binh-luan,Cơm Tấm A.Quang - Hủ Tiếu & Cơm Tấm,"A23/28 Quốc Lộ 50, X. Bình Hưng",696,1138670,2,0.0,0,0,0,0,30,0,10.726023,106.655955
/ho-chi-minh/quan-com-viet-hoa/binh-luan,Quán Cơm Việt Hoa,"A6/A11 Quốc Lộ 50, Xã. Bình Hưng",696,733289,2,8.6,29,0,2,2,275,1,10.7292667,106.6559384
/ho-chi-minh/an-food-s-trai-cay-sach-vinh-loc/binh-luan,An Food's - Trái Cây Sạch - Vĩnh Lộc,"F1/31Y Vĩnh Lộc, Xã Vĩnh Lộc A",696,1088434,2,4.6,0,0,1,0,44,0,10.813025,106.576447
/ho-chi-minh/minh-ky-hu-tieu-mi-duong-so-10/binh-luan,Minh Ký - Hủ Tiếu Mì - Đường Số 10,"82 Đường Số 10, Xã Bình Hưng",696,668792,2,8.6,17,0,1,2,253,4,10.727019,106.651478
/ho-chi-minh/banh-xeo-banh-khot-chu-tam-mien-tay/binh-luan,Bánh Xèo & Bánh Khọt - Chú Tám Miền Tây,"31 Đường Số 10, Xã Phong Phú",696,981808,2,9.2,4,0,1,2,112,0,10.7270369479672,106.6489735136704
/ho-chi-minh/banh-cuon-banh-uot-ngon/binh-luan,Bánh Cuốn & Bánh Ướt Ngon,"74 Đường Số 14, KDC Phong Phú 4",696,852233,2,6.8,8,0,1,0,172,0,10.69169,106.643933
/ho-chi-minh/omely-quan-an-gia-dinh/binh-luan,Omely - Quán Ăn Gia Đình,"104 - 106 - 108 Đường 9A, KDC Trung Sơn",696,287588,2,6.5,18,0,6,1,3724,2,10.7358329110129,106.6894152760506
/ho-chi-minh/canh-dieu-cafe/binh-luan,Cánh Diều Cafe,"C7/19 Ấp 3, Xã Bình Hưng",696,1961,2,5.668,31,0,3,3,3515,3,10.73392,106.67966
/ho-chi-minh/nhu-tam-buffet-spa/binh-luan,Buffet Chay Như Tâm,"B17/18A Quốc Lộ 50, Xã Bình Hưng",696,660226,2,7.44,33,0,5,8,3423,2,10.725588,106.655979
/ho-chi-minh/vuon-xoai-mon-an-dong-que/binh-luan,Vườn Xoài - Món Ăn Đồng Quê,"A35/11B Đại Lộ Nguyễn Văn Linh, Xã Bình Hưng",696,652958,2,7.4,13,0,1,0,2627,1,10.7246855517202,106.6649186611176
/ho-chi-minh/young-buffet-bbq-beer/binh-luan,Young Buffet BBQ & Beer,"C8/1C Phạm Hùng, Xã Bình Hưng",696,683396,2,0.0,11,39,0,5,2625,1,10.729754,106.676504
/ho-chi-minh/bun-moc-hu-tieu-nhu-y-mien-banh-canh/binh-luan,Bún Mọc & Hủ Tiếu Như Ý - Miến & Bánh Canh,"252 Bùi Thanh Khiết, TT. Tân Túc",696,1145764,2,0.0,0,0,0,0,9,0,10.6832549,106.5770222
/ho-chi-minh/tiem-banh-tintin-banh-bong-lan-trung-muoi-thoi-hoa/binh-luan,Tiệm Bánh Tintin - Bánh Bông Lan Trứng Muối - Thới Hòa,"E12/1T Thới Hoà, X. Vĩnh lộc A ",696,1145689,2,0.0,0,0,0,0,6,0,10.830781,106.5771283
/ho-chi-minh/tan-tai-com-tam-a9-18-vo-van-van.l2hvyy/binh-luan,Tấn Tài - Cơm Tấm - A9/18 Võ Văn Vân,"A9/18 Võ Văn Vân, X. Vĩnh Lộc B",696,1000055727,2,0.0,0,0,0,0,4,0,10.7790724,106.5730433
/ho-chi-minh/com-me-nau-an-chau-com-trua-van-phong-quach-dieu.2c68yz/binh-luan,Cơm Mẹ Nấu An Châu - Cơm Trưa Văn Phòng - Quách Điêu,"Khách Sạn Thảo Nguyên, Quách Điêu, X. Vĩnh Lộc A",696,1000055479,2,0.0,0,0,0,0,3,0,10.8278812,106.5732181
/ho-chi-minh/basufood-thuc-pham-dong-lanh-quoc-lo-50.hvu8zf/binh-luan,Basufood - Thực Phẩm Đông Lạnh - Quốc Lộ 50,"Hẻm 779, Quốc Lộ 50",696,1000055344,2,0.0,0,0,0,0,5,0,10.7245086,106.6558703
/ho-chi-minh/banh-trang-qin-qin-banh-trang-top-mo-nguyen-huu-tri/binh-luan,Bánh Tráng Qìn Qìn - Bánh Tráng Tóp Mỡ - Nguyễn Hữu Trí,"E6/2 Nguyễn Hữu Trí, X. Tân Túc",696,1000055332,2,0.0,0,0,0,0,3,0,10.6844901,106.5731392
/ho-chi-minh/lau-bo-anh-tam-f10-19-pham-thi-nghi/binh-luan,Lẩu Bò Anh Tâm - F10/19 Phạm Thị Nghĩ," F10/19 Phạm Thị Nghĩ, Ấp 6, X. Vĩnh Lộc A",696,1145041,2,0.0,0,0,0,0,3,0,10.8187743278738,106.5793854293989
/ho-chi-minh/am-thuc-he-pho-banh-beo-so-1-banh-beo-so-1-duong-so-9/binh-luan,Ẩm Thực Hè Phố Bánh Bèo Số 1 - Bánh Bèo - Số 1 Đường Số 9,"Số 1 Đường Số 9 Ấp 2, X. Bình Hưng",696,1000055282,2,0.0,0,0,0,0,3,0,10.7272042,106.6538636
/ho-chi-minh/tra-sua-ricci-trinh-nhu-khue/binh-luan,Trà Sữa Ricci - Trịnh Như Khuê,"B8/11 Trịnh Như Khuê, X. Bình Chánh",696,1144809,2,0.0,0,0,0,0,3,0,10.6611091720613,106.5648178271527
/ho-chi-minh/bo-kho-thu-ha-do-an-30-duong-so-9/binh-luan,Bò Kho Thu Hà - Đồ Ăn - 30 Đường Số 9,"30 Đường Số 9, X. Bình Chánh",696,1000055142,2,0.0,0,0,0,0,2,0,10.7285536,106.6488988
/ho-chi-minh/be-thuong-an-vat-1182-vinh-loc.nwthhe/binh-luan,Bé Thương  - Ăn vặt - 1182 vĩnh lộc ,1182 vĩnh lộc ,696,1000055126,2,0.0,0,0,0,0,2,0,10.7961515,106.5585567
/ho-chi-minh/nha-go-quan-am-thuc-viet/binh-luan,Nhà Gỗ Quán - Ẩm Thực Việt,"70 Đường Số 5, KDC Conic, Xã Phong Phú",696,706770,2,9.5,17,0,2,1,456,1,10.712781,106.641408
/ho-chi-minh/xuan-hoa-quan-bo-kho-banh-canh-bun-rieu/binh-luan,"Xuân Hòa Quán - Bò Kho, Bánh Canh & Bún Riêu","B005 Ehomes, Nguyễn Văn Linh, Xã Bình Hưng",696,949271,2,9.5,23,0,2,0,99,0,10.715647,106.661628
/ho-chi-minh/quan-oc-cu-bo/binh-luan,Quán Ốc Cu Bo,"A3/14 Võ Văn Vân, Xã Vĩnh Lộc B",696,744970,2,9.4,14,0,1,1,234,1,10.7833989,106.5738827
/ho-chi-minh/xoai-non-phuc-phuc/binh-luan,Xoài Non Phúc Phúc,"C9/C10 Phạm Hùng, Xã Bình Hưng",696,876757,2,9.4,10,11,1,0,233,0,10.728563,106.677796
/ho-chi-minh/chao-long-chanh-ot/binh-luan,Cháo Lòng Chanh Ớt,"C5/13 Phạm Hùng, X. Bình Hưng",696,734969,2,9.4,3,0,1,0,164,0,10.73495,106.672739
/ho-chi-minh/cool-sinh-to-cafe/binh-luan,Cool - Sinh Tố & Cafe,C8/4B1 Phạm Hùng,696,788513,2,9.3,11,0,2,0,44,0,10.7296969243107,106.6767183826937
/ho-chi-minh/gear-up-cafe/binh-luan,Gear Up Cafe,"66 Đường Số 9, Khu Dân Cư Trung Sơn, Xã Bình Hưng",696,998105,2,9.25,35,1,4,2,148,0,10.7358760634076,106.6888922452926
/ho-chi-minh/tea-time-tra-sua-thoi-hoa/binh-luan,Tea & Time - Trà Sữa,"Thới Hòa, Xã Vĩnh Lộc A",696,277555,2,9.2,13,0,1,1,256,2,10.829525,106.577968
/ho-chi-minh/lien-huong-ga-ac-oc-heo-tiem-thuoc-bac-quoc-lo-50/binh-luan,Liên Hương - Gà Ác & Óc Heo Tiềm Thuốc Bắc - Quốc Lộ 50,B17/15 Quốc Lộ 50,696,717604,2,9.2,5,0,1,1,138,1,10.7276088,106.6561633
/ho-chi-minh/cat-tuong-coffee-duong-so-1a/binh-luan,Cát Tường Coffee - Đường Số 1A,"19 Đường Số 1A, KDC Greenlife 13C Nguyễn Văn Linh, Xã Phong Phú",696,883971,2,9.2,14,0,1,0,68,1,10.712884,106.645549
/ho-chi-minh/ngoc-van-cafe-san-vuon/binh-luan,Ngọc Vân Cafe Sân Vườn,"B14/10C Cây Cám, Ấp 2, Xã Vĩnh Lộc B",696,672001,2,9.2,4,0,1,0,180,3,10.7845351905056,106.5870025008916
/ho-chi-minh/1990-fresh-milk-tea/binh-luan,1990 Fresh Milk Tea,"28 Đường Số 7, Xã Bình Hưng",696,744524,2,8.48,46,0,10,1,360,1,10.7387211,106.690752
/ho-chi-minh/sao-bien-de-nui-hai-san/binh-luan,Sao Biển - Bò Tơ Xuân Đào,"2 Đường số 9A, P. Bình Hưng",696,39838,2,6.94,131,0,10,1,1808,0,10.739538,106.689112
/ho-chi-minh/dookki-viet-nam-lau-buffet-tokpokki-satra-pham-hung/binh-luan,Dookki Việt Nam - Lẩu & Buffet Tokpokki - Satra Phạm Hùng,"Tầng 3 TTTM Satra, C6/27 Phạm Hùng, Xã Bình Hưng",696,999321,2,8.066,241,3,9,3,1991,0,10.733564,106.674467
/ho-chi-minh/hoa-phuong-quan-banh-da-cua-bun/binh-luan,Hoa Phượng Quán - Bánh Đa Cua & Bún,20 Đường Số 7,696,218163,2,6.52,35,0,5,9,1540,1,10.737816,106.690237
/ho-chi-minh/kem-xoi-dua-bu-bu-pham-hung/binh-luan,Kem Xôi Dừa Bu Bu - Phạm Hùng,"C4/36 Phạm Hùng, Xã Bình Hưng",696,855648,2,8.568,85,0,6,8,1800,0,10.729927,106.674563
/ho-chi-minh/thien-an-banh-canh-hu-tieu-bun-chay/binh-luan,"Thiên Ân - Bánh Canh, Hủ Tiếu & Bún Chay",1A/204 Vĩnh Lộc,696,780040,2,0.0,1,0,0,0,50,0,10.7727082,106.5516071
/ho-chi-minh/kim-thuy-banh-canh-ca-loc/binh-luan,Kim Thủy - Bánh Canh Cá Lóc,1A-226/1 Vĩnh Lộc,696,780049,2,0.0,1,1,0,1,38,0,10.7834598464349,106.5523939579725
/ho-chi-minh/rang-dong-cafe/binh-luan,Rạng Đông Cafe,"1A/204 Vĩnh Lộc, X. Phạm Văn Hai",696,780043,2,0.0,1,0,0,0,58,0,10.7837721,106.5524271
/ho-chi-minh/golden-coffee-lang-le-bau-co/binh-luan,Golden Coffee - Láng Le Bàu Cò,"35E Láng Le Bàu Cò, P. Lê Minh Xuân",696,912105,2,0.0,19,0,0,0,35,1,10.770191,106.551737
/ho-chi-minh/the-cups-cafe/binh-luan,The Cups Cafe,"1A/221 Vĩnh Lộc, Xã Phạm Văn Hai",696,956758,2,0.0,0,0,0,0,11,0,10.7738362516451,106.5521237254143
/ho-chi-minh/meow-meow-banh-canh-cua-ga-ac-lien-ap-2.ec0vcf/binh-luan,Meow Meow - Bánh Canh Cua & Gà Ác - Liên Ấp 2 - 6,"B3/11 A3 Ấp 2 Liên Ấp 2 - 6, X. Vĩnh Lộc A",696,1000046197,2,0.0,0,0,0,0,4,0,10.8194615800923,106.5547660353617
/ho-chi-minh/dong-ba-bun-bo-hue-tran-van-giau/binh-luan,Đông Ba - Bún Bò Huế - Trần Văn Giàu,"1A/115/5 Trần Văn Giàu, Ấp 1, Xã Phạm Văn Hai",696,786578,2,0.0,1,0,0,0,30,0,10.770565,106.55204
/ho-chi-minh/90-coffee-tra-cafe-vinh-loc.aujpoi/binh-luan,90° COFFEE - Trà & Cafe - Vĩnh Lộc,"1A216 Vĩnh Lộc, X. Phạm Văn Hai",696,1000040379,2,0.0,0,0,0,0,13,0,10.7748352,106.5523983
/ho-chi-minh/an-vat-cham-cham-chan-ga-sot-thai.cxjaud/binh-luan,Ăn Vặt Châm Châm - Chân Gà Sốt Thái,"C15/4 Tổ 9 Ấp 3A, X. Vĩnh Lộc A",696,1000034571,2,0.0,0,0,0,0,7,0,10.8269599,106.5553795
/ho-chi-minh/he-thong-bo-to-tay-ninh-nam-sanh-18-vinh-loc/binh-luan,Hệ Thống Bò Tơ Tây Ninh Năm Sánh 18 - Vĩnh Lộc,"1A/209/1 Vĩnh Lộc, X. Phạm Văn Hai",696,1136251,2,0.0,0,0,0,0,25,0,10.7768013527096,106.5526219966574
/ho-chi-minh/quan-an-187-chao-long/binh-luan,Quán Ăn 187 - Cháo Lòng,"1A187 Vĩnh Lộc, Xã Phạm Văn hai",696,706322,2,0.0,2,1,0,1,55,1,10.7819405252741,106.5531312301755
/ho-chi-minh/com-ga-tam-ky-goi-vit/binh-luan,Cơm Gà Tam Kỳ & Gỏi Vịt,E1/1 Vĩnh Lộc,696,780710,2,0.0,1,0,0,0,28,0,10.7854745,106.55343
/ho-chi-minh/vinbon-an-vat-tra-sua-binh-hung/binh-luan,VinBon - Ăn Vặt & Trà Sữa - Bình Hưng,"346 Quốc Lộ 50, Ấp 5",696,1116412,2,0.0,0,0,0,0,38,0,10.7118537,106.6558688
/ho-chi-minh/dau-banh-mi-bo-nuong-pham-hung/binh-luan,Đẩu - Bánh Mì Bò Nướng - Phạm Hùng,"C7B/3 Phạm Hùng, X. Bình Hưng",696,1129595,2,0.0,0,0,0,0,34,0,10.7321336,106.6750976
/ho-chi-minh/tocotoco-bubble-tea-khu-dan-cu-trung-son/binh-luan,TocoToco Bubble Tea - Khu Dân Cư Trung Sơn,"5 Đường Số 8C, Xã Bình Hưng",696,1000477,2,0.0,0,1,0,1,185,0,10.734401,106.690961
/ho-chi-minh/hu-tieu-nam-vang-ngon-hu-tieu-nam-vang-tron-kho-mi-gia-ky-tron-kho-pham-hung/binh-luan,Hủ Tiếu Nam Vang Ngon - Hủ Tiếu Nam Vang Trộn Khô & Mì Gia Ký Trộn Khô - Phạm Hùng,"C3/16 Phạm Hùng, Ấp 3, X. Bình Hưng",696,1131833,2,0.0,0,0,0,0,4,0,10.732292,106.674439
/ho-chi-minh/tra-sua-japo-sumi-tra-sua-quoc-lo-50.ngpsdr/binh-luan,Trà Sữa Japo Sumi - Trà Sữa - Quốc Lộ 50,"1183 Quốc lộ 50, X. Bình Hưng",696,1000029148,2,0.0,0,0,0,0,8,0,10.714244,106.655717
/ho-chi-minh/co-diem-goi-cuon-banh-flan-shop-online/binh-luan,Cô Diễm - Gỏi Cuốn & Bánh Flan - Shop Online,"C4/19 Phạm Hùng, Xã Bình Hưng",696,1040795,2,0.0,0,0,0,0,39,0,10.730099,106.676059
/ho-chi-minh/chao-thuan-viet-chao-dinh-duong-chao-suon-vo-van-van.a2xbuj/binh-luan,Cháo Thuần Việt - Cháo Dinh Dưỡng & Cháo Sườn - Võ Văn Vân,"C2A/14M Võ Văn Vân, X. Vĩnh Lộc B",696,1000029923,2,0.0,0,0,0,0,16,0,10.7980878,106.57756
/ho-chi-minh/bep-nha-tho-an-vat-han-quoc-quoc-lo-50/binh-luan,Bếp Nhà Thỏ - Ăn Vặt Hàn Quốc - Quốc Lộ 50,"B2/18 Ấp 2A Quốc Lộ 50, X. Bình Hưng",696,1106462,2,0.0,0,0,0,0,11,0,10.7206161,106.655715
/ho-chi-minh/quan-an-ba-do-duong-20/binh-luan,Quán Ăn Ba Đỏ - Đường 20,"3 Đường 20, KDC Bình Hưng",696,131281,2,7.798,21,0,6,3,1412,1,10.7301884338758,106.6529493240814
/ho-chi-minh/bo-to-tay-ninh-pham-hung-86b-pham-hung/binh-luan,Bò Tơ Tây Ninh Phạm Hùng - 86B Phạm Hùng,"86B Phạm Hùng, X. Bình Hưng",696,978886,2,8.6,93,1,4,2,310,1,10.7317036731669,106.6749722466101
/ho-chi-minh/van-thinh-rest-stop/binh-luan,Vạn Thịnh Rest Stop,"C12/18A Tân Túc, KP. 3",696,193087,2,8.632,67,0,6,0,880,3,10.6877829649678,106.5851601960906
/ho-chi-minh/com-ga-com-tam-de-nhat-mon-ngon-chuan-vi-pham-hung/binh-luan,Cơm Gà & Cơm Tấm Đệ Nhất - Món Ngon Chuẩn Vị - Phạm Hùng,"C4/13/A2 Phạm Hùng, Ấp 4, X. Bình Hưng",696,1000038732,2,0.0,0,0,0,0,33,0,10.7290698,106.6706368
/ho-chi-minh/sinh-to-cay-bang-duong-so-10/binh-luan,Sinh Tố Cây Bàng - Đường Số 10,"A10/7C Đường Số 10 KDC Bình Hưng, Xã Bình Hưng",696,1000045375,2,0.0,0,0,0,0,4,0,10.7270103,106.6555695
/ho-chi-minh/chao-goi-vit-xuyen-chao-goi-vit-ga-quoc-lo-50/binh-luan,Cháo Gỏi Vịt Xuyến - Cháo Gỏi Vịt & Gà - Quốc Lộ 50,"A30/31C Quốc Lộ 50, X .Bình Hưng",696,1000034216,2,0.0,0,0,0,0,32,0,10.7318298,106.6563331
/ho-chi-minh/banh-nha-tui-shop-online/binh-luan,Bánh Nhà Tui - Shop Online,"C3/23 Phạm Hùng, Xã Bình Hưng",696,634385,2,0.0,1,2,0,0,171,1,10.73254,106.67189
/ho-chi-minh/quan-bun-bo-hue-viet-huong-binh-hung/binh-luan,Quán Bún Bò Huế Việt Hương - Bình Hưng,"C16/26 (Sân Bóng Đá Hiếu Hoàng Long) Bình Hưng, X. Bình Hưng",696,1103256,2,0.0,0,0,0,0,3,0,10.7384913,106.6856998
/ho-chi-minh/ech-nhay-chao-ech-singapore-chao-vo-van-van.ahjnbf/binh-luan,Ếch Nhảy Cháo Ếch Singapore  - Cháo - Võ Văn Vân,"B10/9L Võ Văn Vân, X.Vĩnh Lộc B",696,1000027028,2,0.0,0,0,0,0,9,0,10.7911251,106.5761906
/ho-chi-minh/tra-sua-a-hi/binh-luan,Trà Sữa A Hí - Xiên Que & Mỳ Cay - Đường Số 6B,"F7/16C Ấp 6 Đường Số 6B, X. Vĩnh Lộc B",696,795749,2,0.0,5,0,0,0,93,0,10.8000696,106.5658689
/ho-chi-minh/lau-bo-ly-thong/binh-luan,Lẩu Bò Lý Thông,"E11/9L Ấp 5, Thới Hoà, P. Vĩnh Lộc A",696,1063276,2,0.0,0,0,0,0,33,0,10.829503,106.579434
/ho-chi-minh/me-tieu-bao-chan-ga-rut-xuong-shop-online/binh-luan,Mẹ Tiểu Bảo - Chân Gà Rút Xương - Shop Online,"Cổng Mp4 Mizuki Park, Xã Bình Hưng",696,1038059,2,8.0,6,4,1,2,113,0,10.7148516,106.6620454
/ho-chi-minh/bo-bit-tet-50/binh-luan,Bò Bít Tết 50,"C4/3 Trịnh Như Khuê, Ấp 3",696,863068,2,7.5,7,0,2,0,141,2,10.661397,106.565823
/ho-chi-minh/sanh-ca-phe/binh-luan,Sành Cà Phê,"62 Đường Số 9A, Xã Bình Hưng",696,963648,2,7.9,2,0,2,0,109,0,10.737478,106.68975
/ho-chi-minh/goi-be-nem-chao-pham-hung/binh-luan,Gỏi Bê & Nem Chạo - Phạm Hùng,"C1/5 Phạm Hùng, X. Bình Hưng",696,731402,2,7.4,23,2,1,4,622,1,10.7326838,106.6739098
/ho-chi-minh/bo-ne-3-ngon-bo-quang-lua-hong-duong-so-9a/binh-luan,Bò Né 3 Ngon - Bò Quang Lửa Hồng - Đường Số 9A,"267 Đường Số 9A, X. Bình Hưng",696,193319,2,8.198,46,0,6,5,777,2,10.731314,106.689532
/ho-chi-minh/song-que-binh-chanh/binh-luan,Sông Quê - Bình Chánh,Đường Số 1 Khu Trung Sơn,696,48294,2,8.15,27,0,4,0,2593,2,10.734743,106.693496
/ho-chi-minh/bo-to-cu-chi-trung-son/binh-luan,Bò Tơ Củ Chi - Trung Sơn,29 - 31 KDC Trung Sơn,696,39660,2,0.0,1,1,0,0,2524,3,10.729932,106.688243
/ho-chi-minh/bui-oc-lau/binh-luan,Bụi - Ốc Lẩu,"99 Đường Số 9A, Trung Sơn",696,39855,2,7.198,54,0,3,2,1898,0,10.737309,106.689826
/ho-chi-minh/phuc-duyen-banh-canh-cha-ca-phan-thiet-vo-van-van.cn9fmc/binh-luan,Phúc Duyên - Bánh canh chả cá Phan Thiết - Võ Văn Vân,B6/23 Võ Văn Vân,696,1000055064,2,0.0,0,0,0,0,4,0,10.7878737,106.5757912
/ho-chi-minh/bep-co-ut-chan-ga-sot-thai-shop-online/binh-luan,BẾP CÔ ÚT - CHÂN GÀ SỐT THÁI - SHOP ONLINE,"Block D CC Ehomes Nam Sài Gòn, X. Bình Hưng",696,1144385,2,0.0,0,0,0,0,3,0,10.7145601,106.6615835
/ho-chi-minh/lau-ca-duong-hong-79k-lau-ca-34-duong-2a/binh-luan,Lẩu Cá Dương Hồng 79K - Lẩu Cá - 34 Đường 2A,"34 Đường 2A, X. Bình Hưng",696,1143829,2,0.0,0,0,0,0,2,0,10.7226711,106.6623206
/ho-chi-minh/hu-tieu-mi-hong-ky-de-bao-2-3/binh-luan,Hủ Tiếu Mì Hồng Ký - Đê Bao 2-3,"B12F/55/1R Đường Đê Bao 2-3, Ấp 2, X. Vĩnh Lộc B",696,1143650,2,0.0,0,0,0,0,2,0,10.7872929,106.5780258
/ho-chi-minh/mihahuha-banh-ngot/binh-luan,Mihahuha - Bánh Ngọt,"Phở 126 Quốc Lộ 1A, X. Tân Kiên",696,1143389,2,0.0,0,0,0,0,3,0,10.7081947,106.5982514
/ho-chi-minh/beginning-tea-coffee-banh-mi-kebab-tra-sua-cafe-thoi-hoa/binh-luan,"Beginning Tea & Coffee - Bánh Mì Kebab, Trà Sữa & Café - Thới Hoà","E2/17B Thới Hoà, X. Vĩnh Lộc A",696,1143229,2,0.0,0,0,0,0,2,0,10.8300026,106.5771705
/ho-chi-minh/bep-van-quan-tra-sua-an-vat-nha-lam-1171-vinh-loc/binh-luan,Bếp Vân Quán - Trà Sữa Ăn Vặt Nhà Làm - 1171 Vĩnh Lộc,"1171 Vĩnh Lộc, Ấp 5, X. Vĩnh Lộc B",696,1142708,2,0.0,0,0,0,0,2,0,10.7961178,106.5581999
/ho-chi-minh/tau-hu-me-bom-an-vat-lien-ap-123/binh-luan,Tàu Hũ Mẹ Bờm - Ăn Vặt - Liên Ấp 123,"C3/27 Tổ 3, Ấp 3, Liên Ấp 123, X. Vĩnh Lộc B",696,1142569,2,0.0,0,0,0,0,2,0,10.7939226,106.5792845
/ho-chi-minh/sinh-to-ngoc-thao-sinh-to-nuoc-ep-c2-pham-hung/binh-luan,SINH TỐ NGỌC THẢO - Sinh Tố & Nước Ép - C2 Phạm Hùng,"C2/22/9 Ấp 4, Phạm Hùng, X. Bình Hưng",696,1142488,2,0.0,0,0,0,0,2,0,10.7290993,106.6767718
/ho-chi-minh/bo-kho-thu-ha-since-1970-duong-so-9/binh-luan,Bò Kho Thu Hà Since 1970 - Đường Số 9,"30 Đường Số 9, Khu Dân Cư Ấp 5, X. Phong Phú",696,1142450,2,0.0,0,0,0,0,5,0,10.7285536,106.6488988
/ho-chi-minh/don-vi-toi-cafe-racer/binh-luan,Đơn Vị Tôi - Cafe Racer,G2/16 Trần Văn Giàu,696,787146,2,9.2,51,0,1,0,120,0,10.7632396984712,106.5663763135672
/ho-chi-minh/the-coffee-house-saigon-mia/binh-luan,The Coffee House - Saigon Mia,"Tầng Trệt, Khu Căn Hộ Cao Cấp Saigon Mia, Đường Số 9A, Xã Bình Hưng",696,1003735,2,9.132,16,0,3,0,256,0,10.733342,106.689325
/ho-chi-minh/ly-lan-quan-an-cafe/binh-luan,Lý Lan - Quán Ăn & Cafe,"B9 Khu Dân Cư Hạnh Phúc, Nguyễn Văn Linh",696,795655,2,9.03,8,0,7,2,123,0,10.7132664,106.6503533
/ho-chi-minh/peppa-food-giao-com-van-phong/binh-luan,Peppa Food - Giao Cơm Văn Phòng,"Chung Cư The Easter City, 6B Phạm Hùng, Xã Bình Hưng",696,790887,2,9.0,9,0,4,3,565,1,10.7228506780805,106.6832914575934
/ho-chi-minh/net-viet-xua-restaurant-coffee/binh-luan,Nét Việt Xưa - Restaurant & Coffee,"A9/3 Hương Lộ 11, Ấp 1, Xã Tân Quý Tây, ",696,773375,2,9.0,43,0,2,2,993,2,10.6624847190772,106.5993332862854
/ho-chi-minh/ca-vien-chien-bung-binh-trung-son/binh-luan,Cá Viên Chiên - Bùng Binh Trung Sơn,"Bùng Binh Trung Sơn, Đường Số 9A",696,785514,2,9.0,1,0,1,2,220,0,10.7385817,106.6896327
/ho-chi-minh/hu-tieu-ga-phuoc-loan/binh-luan,Hủ Tiếu Gà Phước Loan,24 Đường Số 5,696,179784,2,5.6,5,0,4,7,567,3,10.726309,106.647124
/ho-chi-minh/banh-cuon-ngon-duong-so-5/binh-luan,Bánh Cuốn Ngon - Đường Số 5,81 Đường Số 5,696,157764,2,7.1,114,0,2,7,587,1,10.736489,106.691134
/ho-chi-minh/com-nieu-sai-gon-xua/binh-luan,Cơm Niêu Sài Gòn Xưa,"Lô 11B KDC Happy City, Nguyễn Văn Linh, Xã Bình Hưng",696,786933,2,6.92,118,0,5,6,479,1,10.713423,106.650725
/ho-chi-minh/chao-dinh-duong-ngon-me-ly-vinh-loc/binh-luan,Cháo Dinh Dưỡng Ngon Mê Ly - Vĩnh Lộc,1A - 225 Vĩnh Lộc,696,780050,2,0.0,1,0,0,0,29,0,10.776875956212,106.5529498457908
/ho-chi-minh/cafe-rovina-van-phat-coffee-vinh-loc.ezhj9k/binh-luan,Cafe Rovina Vạn Phát - Coffee - Vĩnh Lộc,"F1/7B Vĩnh Lộc, X. Vĩnh Lộc A",696,1000028956,2,0.0,0,0,0,0,13,0,10.7809255,106.5532758
/ho-chi-minh/soc-bong-che-dua-dam-hai-phong-com-ga-goi-ga/binh-luan,"Sóc Bông - Chè Dừa Dầm Hải Phòng, Cơm Gà & Gỏi Gà","D1/3 Dân Công Hoả Tuyến, Ấp 4, X. Vĩnh Lộc A",696,1130002,2,0.0,0,0,0,0,34,0,10.8354721,106.5567935
/ho-chi-minh/quan-tu-manh-chao-long-ma-heo/binh-luan,Quán Tư Mạnh - Cháo Lòng Má Heo,786 Vĩnh Lộc,696,774457,2,0.0,1,0,0,0,70,0,10.7881590259826,106.5544765147325
/ho-chi-minh/quan-nhau-phuong-thao-lau-thai-ca-loc-nuong/binh-luan,Quán Nhậu Phương Thảo - Lẩu Thái & Cá Lóc Nướng,"864 Vĩnh Lộc, X, Vĩnh Lộc B",696,780036,2,0.0,1,0,0,0,119,0,10.7900976,106.5547419
/ho-chi-minh/apollo-coffee-duong-lo-2.58bs1x/binh-luan,APOLLO - COFFEE - ĐƯỜNG LÔ 2,"G9/68 Đường Lô 2, X. Lê Minh Xuân",696,1000044205,2,0.0,0,0,0,0,12,1,10.7681166,106.5536037
/ho-chi-minh/bun-rieu-cua-com-tam-vinh-loc/binh-luan,Bún Riêu Cua & Cơm Tấm - Vĩnh Lộc,"1A/118/1 Vĩnh Lộc, X. Vĩnh Lộc B",696,780044,2,0.0,1,0,0,0,60,0,10.7819451,106.5544415
/ho-chi-minh/bun-bo-ut-duoc/binh-luan,Bún Bò Út Được,"E4 Ấp 5, P. Vĩnh Lộc A",696,985385,2,0.0,0,0,0,0,10,0,10.789919,106.55492
/ho-chi-minh/cuicha-bun-dau-mam-tom/binh-luan,Cuicha - Bún Đậu Mắm Tôm,"G9/23 Ấp 7, Xã Lê Minh Xuân",696,996375,2,0.0,0,0,0,0,70,0,10.766455,106.554163
/ho-chi-minh/ga-ta-hoi-an-thanh-thao-vi-nh-loc.8li03j/binh-luan,Gà Ta Hội An Thanh Thảo - Vĩnh Lộc,"963 Vĩnh Lộc, X. Vĩnh Lộc B",696,1000046269,2,0.0,0,0,0,0,2,0,10.7922883,106.5558289
/ho-chi-minh/tra-sua-knb-house-s-cao-lo/binh-luan,Trà Sữa Knb House's - Cao Lỗ,Hẻm C7 19/27 Cao Lỗ,696,1112927,2,0.0,0,3,0,1,46,0,10.7350386,106.6799398
/ho-chi-minh/thanh-com-binh-dan/binh-luan,Thanh - Cơm Bình Dân,"A18/21 Ấp 1, Quốc Lộ 50, X. Bình Hưng",696,1050728,2,0.0,0,0,0,0,26,0,10.7237312,106.6558683
/ho-chi-minh/pho-chinh-gia-truyen-khu-dan-cu-binh-hung/binh-luan,Phở Chính Gia Truyền - Khu Dân Cư Bình Hưng,"2C Đường Số 10, Ấp 2, KDC Bình Hưng, X. Bình Hưng",696,1115199,2,0.0,0,0,0,0,26,0,10.7272212,106.6553382
/ho-chi-minh/com-tam-thanh-binh-huong-lo-80.kkt59a/binh-luan,Cơm Tấm Thanh Bình - Hương Lộ 80,"F9/7 Ấp 6 Hương Lộ 80, X. Vĩnh Lộc A",696,1000035947,2,0.0,0,0,0,0,13,0,10.816267,106.582562
/ho-chi-minh/no71-food-market-thien-duong-am-thuc-chau-a/binh-luan,No71 Food Market - Thiên Đường Ẩm Thực Châu Á,C3/6 Phạm Hùng,696,731928,2,7.6,67,0,4,3,268,1,10.7347934151256,106.6726187746669
/ho-chi-minh/quan-viet-de/binh-luan,Quán Việt Dê - Chuyên Các Món Dê,"C6/20 Phạm Hùng, Xã Bình Hưng",696,645968,2,8.6,40,0,3,4,1849,1,10.733502,106.673903
/ho-chi-minh/que-huong-quan-duong-so-10/binh-luan,Quê Hương Quán - Đường Số 10,"32 Đường Số 10, KDC Bình Hưng",696,137199,2,6.1,40,0,4,5,1621,1,10.7278997,106.654039
/ho-chi-minh/oc-xi-trum-oc-dong-gia-30k-shop-online/binh-luan,Ốc Xì Trum - Ốc Đồng Giá 30k - Shop Online,"B24/5 Cây Cám, Ấp Vĩnh Lộc B",696,904207,2,3.9,74,1,4,6,315,3,10.784925,106.58779
/ho-chi-minh/lau-de-404-quoc-lo-50/binh-luan,Lẩu Dê 404,A11/8 Quốc Lộ 50,696,180929,2,7.65,19,0,4,3,1259,1,10.728509,106.655718
/ho-chi-minh/nha-trang-quan-bun-banh-canh-cha-ca/binh-luan,Nha Trang Quán - Bún & Bánh Canh Chả Cá,"60 Đường Số 7, KDC Conic, Xã Phong Phú",696,671792,2,8.336,9,0,3,2,222,7,10.706796,106.643611
/ho-chi-minh/quan-an-gia-ky-duong-21/binh-luan,QUÁN ĂN GIA KÝ - Đường 21,20 Đường 21 KDC Bình Hưng,696,1113597,2,0.0,0,0,0,0,10,0,10.7254918,106.6504704
/ho-chi-minh/quan-nhau-2-luc/binh-luan,Quán Nhậu 2 Lực,"4 Đường Số 6, KDC Bình Hưng, P. Bình Hưng",696,1074091,2,0.0,0,0,0,0,20,0,10.725813,106.651079
/ho-chi-minh/bin-bin-rau-cu-tuoi-ap-6.zjondi/binh-luan,Bin Bin - Rau Củ Tươi - Ấp 6,"F1/1D/3F Ấp 6, Vĩnh Lộc B",696,1000031397,2,0.0,0,0,0,0,6,0,10.688829,106.6240138
/ho-chi-minh/doremon-tra-sua-thoi-hoa.x6a0jy/binh-luan,DOREMON - Trà Sữa - Thới Hoà,"E8/28B Thới Hòa, X. Vĩnh Lộc A",696,1000036963,2,0.0,0,0,0,0,21,0,10.8321589,106.5854983
/ho-chi-minh/cut-chien-bo-tuyen-u-do-an-pham-hung.9mw0ue/binh-luan,Cút Chiên Bơ Tuyến Ù - Đồ Ăn - Phạm Hùng,"C3/16 Phạm Hùng, X. Bình Hưng",696,1000047827,2,0.0,0,0,0,0,16,0,10.7322686,106.6744511
/ho-chi-minh/tin-tin-tra-sua-nha-lam-huong-lo-80.n63v9w/binh-luan,Tin Tin - Trà Sữa Nhà Làm - Hương Lộ 80,"F8/22C Ấp 6 Hương Lộ 80, X. Vĩnh Lộc A",696,1000044942,2,0.0,0,0,0,0,11,0,10.8143156,106.5803037
/ho-chi-minh/tiem-che-den-choi-duong-so-1/binh-luan,Tiệm Chè Đen Chọi - Chung Cư Ehomes Nam Sài Gòn,"Căn Trệt D0.05 Block D Chung Cư Ehomes Nam Sài Gòn, X. Bình Hưng",696,1120426,2,0.0,0,0,0,0,27,0,10.7151699,106.6615989
/ho-chi-minh/quan-yen-bun-rieu-bun-bo-pham-hung/binh-luan,Quán Yến - Bún Riêu & Bún Bò - Phạm Hùng,"Hẻm 51 (C5) Phạm Hùng, X. Bình Hưng",696,755662,2,0.0,3,1,0,0,90,0,10.7348296,106.6729285
/ho-chi-minh/mi-chu-cao-hu-tieu-nui-xao-bo/binh-luan,Mì Chú Cao - Hủ Tiếu & Nui Xào Bò,C5/14 Phạm Hùng,696,790841,2,0.0,4,1,0,1,80,0,10.7347747,106.6731744
/ho-chi-minh/banh-trang-kim-vy-banh-trang-si-ke-toi-rong-bien/binh-luan,Bánh Tráng Kim Vy - Bánh Tráng Sì Ke & Tỏi Rong Biển,"C4/4AD1 Phạm Hùng, P. Bình Hưng",696,1124192,2,0.0,0,0,0,0,36,0,10.7315079,106.6748323
/ho-chi-minh/ga-quay-banh-bao-my-duyen-68-ga-quay-banh-bao-ql-50/binh-luan,Gà Quay Bánh Bao Mỹ Duyên 68 - Gà Quay Bánh Bao - QL 50,"1015 QL 50, X. Bình Hưng",696,1142423,2,0.0,0,0,0,0,9,0,10.717876,106.655667
/ho-chi-minh/mi-cay-anh-duong-doan-nguyen-tuan.muo6fu/binh-luan,Mì cay ÁNH DƯƠNG - Đoàn Nguyễn Tuấn,"10/14k Đoàn Nguyễn Tuân, X. Tân Quý Tây",696,1000049361,2,0.0,13,0,0,0,7,0,10.6658165,106.5929641
/ho-chi-minh/hem-healthy-food-tra-sua-an-vat-vo-van-van/binh-luan,Hẻm Healthy Food – Trà Sữa & Ăn Vặt - Võ Văn Vân,"A7/3X Võ Văn Vân, Ấp 1, X. Vĩnh Lộc B",696,1083007,2,0.0,0,0,0,0,50,0,10.7718517350781,106.5714631497609
/ho-chi-minh/banh-mi-que-ngon-nhat-duong-so-8/binh-luan,Bánh Mì Que Ngon Nhất - Đường Số 8,"Đối Diện Trường Tiểu Học Bình Hưng, Đường Số 8",696,1110834,2,0.0,0,0,0,0,12,0,10.7270099,106.6528004
/ho-chi-minh/vuon-xanh-rau-cu-qua-pham-hung/binh-luan,Vườn Xanh - Rau Củ Quả - Phạm Hùng,"C1/16 Phạm Hùng, P. Bình Hưng",696,1090862,2,0.0,0,0,0,0,41,0,10.7349944,106.6710186
/ho-chi-minh/hung-dong-cafe/binh-luan,Hừng Đông Cafe,"C7/6 Phạm Hùng, Xã Bình Hưng",696,1867,2,0.0,0,0,0,0,1774,3,10.736431,106.671616
/ho-chi-minh/pho-cuong/binh-luan,Phở Cường,"26 Đường Số 22, KDC Him Lam 6A, Bình Hưng",696,5502,2,4.0,1,0,2,1,1673,2,10.72983,106.687594
/ho-chi-minh/hai-hum-quan-an-binh-dan/binh-luan,Hai Hùm - Quán Ăn Bình Dân,A11/1 Quốc Lộ 1A,696,28450,2,4.5,9,0,2,1,1615,2,10.7123518,106.5988505
/ho-chi-minh/ba-ba-lau-hai-san/binh-luan,Bà Ba - Lẩu Hải Sản,"F1/23 Âp 6 Hương lộ 80, X. Vĩnh Lộc A",696,42746,2,5.2,2,0,2,3,1611,2,10.808682,106.57161
/ho-chi-minh/tin-tea-dinh-duc-thien/binh-luan,Tin Tea - Đinh Đức Thiện,"D13 Ấp4 Đinh Đức Thiện, X. Bình Chánh",696,1142392,2,0.0,0,0,0,0,2,0,10.6604361,106.5773086
/ho-chi-minh/nhu-thao-bakery-tiem-banh-va-nuoc-to-4-ap-6/binh-luan,Như Thảo Bakery - Tiệm Bánh Và Nước - Tổ 4 Ấp 6,"Tố 4 Ấp 6, X. Vĩnh Lộc B",696,1142335,2,0.0,0,0,0,0,5,0,10.8018765,106.5674535
/ho-chi-minh/quan-nuong-tat-ca-mon-nuong-f9-7-ap-6-huong-lo-80/binh-luan,QUÁN NƯỚNG - Tất Cả Món Nướng - F9/7 Ấp 6 Hương Lộ 80,"F9/7 Ấp 6 Hương Lộ 80,  X. Vĩnh Lộc B ",696,1142291,2,0.0,0,0,0,0,2,0,10.8080638,106.5705058
/ho-chi-minh/goc-ha-noi-khu-dan-cu-trung-son/binh-luan,Góc Hà Nội - Khu Dân Cư Trung Sơn,"109 Đường 9A, Khu Dân Cư Trung Sơn, X. Bình Hưng",696,1141704,2,0.0,0,2,0,1,22,0,10.7366857,106.6897847
/ho-chi-minh/tra-sua-ricci-doan-nguyen-tuan/binh-luan,Trà Sữa Ricci - Đoàn Nguyễn Tuấn,"D13/43C Đoàn Nguyễn Tuấn, Âp 4, X. Hưng Long",696,1141486,2,0.0,0,0,0,0,8,0,10.653876,106.616478
/ho-chi-minh/tra-sua-fresh-tra-sua-dam-vi-banh-trang-tron/binh-luan,Trà Sữa FRESH' - Trà Sữa Đậm Vị & Bánh Tráng Trộn,"54/111 Hẻm 54 Phạm Hùng, X. Bình Hưng",696,1141409,2,0.0,0,0,0,0,7,0,10.7332576,106.6702133
/ho-chi-minh/buffet-dai-duong-quoc-lo-50/binh-luan,Buffet Đại Dương - Quốc Lộ 50,"A27/12 Quốc Lộ 50, X. Bình Hưng",696,1140911,2,0.0,0,1,0,1,29,0,10.729701,106.656301
/ho-chi-minh/tiem-an-vat-sinco-chua-quang-minh/binh-luan,Tiệm Ăn Vặt Sinco - Chùa Quang Minh,"Chùa Quang Minh, X. Tân Kiên",696,1140748,2,0.0,0,0,0,0,10,0,10.7183243,106.5988243
/ho-chi-minh/bun-bap-bo-huong-xua-tan-liem/binh-luan,Bún Bắp Bò Hương Xưa - Tân Liêm,"B1/13 Đường Tân Liêm, Ấp 3, P. Phong Phú",696,1140263,2,0.0,0,0,0,0,3,0,10.6894202117,106.6503651139963
/ho-chi-minh/the-bear-s-kitchen-bep-nha-nang-gau-shop-online/binh-luan,The Bear's Kitchen - Bếp Nhà Nàng Gấu - Shop Online,"C7B/27R Võ Văn Vân, P. Vĩnh Lộc B",696,672921,2,9.0,17,0,1,0,123,0,10.800279,106.576194
/ho-chi-minh/chao-dinh-duong-viet-soup-ql-50/binh-luan,Cháo Dinh Dưỡng Việt Soup - QL 50,"A6/16 Quốc Lộ 50, Bình Hưng",696,126438,2,9.0,1,0,1,1,465,0,10.7304906,106.6559194
/ho-chi-minh/oc-oanh-duong-so-1/binh-luan,Ốc Oanh - Đường Số 1,"A2/1N1 Đường Số 1, Ấp 2, Xã Bình Hưng",696,773512,2,9.0,0,0,1,2,106,0,10.731618,106.654936
/ho-chi-minh/an-vat-quen-ngo/binh-luan,Ăn Vặt Quén Ngố,"347B Quốc Lộ 50, P. Phong Phú",696,1044379,2,9.0,3,0,1,0,32,0,10.711851,106.655832
/ho-chi-minh/ngon-ngon-banh-mi-banh-uot/binh-luan,Ngon Ngon - Bánh Mì & Bánh Ướt,"D13/12A Dương Đình Cúc, Xã Tân Kiên",696,859993,2,8.868,3,0,3,1,127,2,10.6956147839896,106.5811153035826
/ho-chi-minh/lang-nuong-mien-tay-quoc-lo-50/binh-luan,Làng Nướng Miền Tây - Quốc Lộ 50,"A11/13A Quốc Lộ 50, Xã Bình Hưng",696,781487,2,8.8,7,0,2,1,403,4,10.7249435,106.6555588
/ho-chi-minh/tra-quan-huong-lo-80/binh-luan,Trà Quán - Hương Lộ 80,"D5/1 Hương Lộ 80, Xã Vĩnh Lộc A",696,129846,2,8.8,18,0,1,0,637,3,10.8147591834596,106.5810513496397
/ho-chi-minh/quan-an-gia-dinh-ut-nam-nguyen-thi-tu/binh-luan,Quán Ăn Gia Đình Út Nam - Nguyễn Thị Tú,"D1/10 Nguyễn Thị Tú, Ấp 4",696,150575,2,8.8,7,0,1,1,593,0,10.814411,106.582409
/ho-chi-minh/com-chien-bao-chau/binh-luan,Cơm Chiên Bảo Châu,"C17/32A Đinh Đức Thiện, Ấp 3, X. Bình Chánh",696,1076506,2,8.8,0,0,1,0,11,1,10.6581824,106.5815226
/ho-chi-minh/subi-nuoc-cot-bi-dao-quoc-lo-50/binh-luan,Subi - Nước Cốt Bí Đao - Quốc Lộ 50,"A11/2 Quốc Lộ 50, Xã Bình Hưng",696,715214,2,8.8,6,0,1,0,122,0,10.7266739,106.6557643
/ho-chi-minh/ngoc-quan-an-binh-dan/binh-luan,Ngọc - Quán Ăn Bình Dân ,"9 Đường Số 8, P. Bình Hưng",696,123628,2,7.8,30,0,2,6,861,4,10.726209443282,106.6535912105621
/ho-chi-minh/sinh-doi-pho/binh-luan,Sinh Đôi - Phở,"2264 Hương lộ 80, X. Vĩnh Lộc B",696,42736,2,7.266,1,0,3,6,890,4,10.81285,106.577988
/ho-chi-minh/nemo-an-vat-ca-vien-chien/binh-luan,Nemo - Ăn Vặt Cá Viên Chiên,"Quốc Lộ 50, X. Bình Hưng",696,229884,2,7.4,73,0,1,6,304,6,10.725547,106.655926
/ho-chi-minh/com-lam-ga-met-nguyen-van-linh/binh-luan,Cơm Lam & Gà Mẹt - Nguyễn Văn Linh,"C10/4 Nguyễn Văn Linh, Xã Bình Hưng",696,795887,2,3.5,16,0,4,6,474,1,10.728459,106.677653
/ho-chi-minh/banh-uot-banh-xeo-com-trua-di-nu/binh-luan,Bánh Ướt - Bánh Xèo - Cơm Trưa Dì Nữ,"C5/40B Ấp 3 Đường Hưng Nhơn, X. Tân Kiên (Chợ Bờ Ngựa Chạy Vào 200m)",696,948093,2,7.8,26,0,1,6,413,0,10.7129854,106.5945593
/ho-chi-minh/a-ty-ga-nuong-muoi-ot/binh-luan,A Tý - Gà Nướng Muối Ớt,"C3/9 Phạm Hùng, X. Bình Hưng",696,789470,2,0.0,2,17,0,6,489,1,10.733851,106.673401
/ho-chi-minh/lotteria-vinh-loc/binh-luan,Lotteria - Vĩnh Lộc,D19/16C Vĩnh Lộc B,696,729112,2,7.6,15,0,1,5,909,5,10.812333,106.577401
/ho-chi-minh/com-binh-dan-976/binh-luan,Cơm Bình Dân 976,"976 Vĩnh Lộc, X. Vĩnh Lộc B",696,780032,2,0.0,1,0,0,0,32,0,10.7939645,106.5562781
/ho-chi-minh/tra-sua-ut-ut/binh-luan,Trà Sữa Ụt Ụt,"974 Vĩnh Lộc, X. Vĩnh Lộc B",696,1076868,2,0.0,0,0,0,0,11,0,10.7923885,106.5562942
/ho-chi-minh/coffee-122-cafe-sinh-to/binh-luan,Coffee 122 - Cafe & Sịnh Tố,"B1/2T Liên Ấp 234, Xã Vĩnh Lộc A",696,1119641,2,0.0,0,0,0,0,19,0,10.8224893943632,106.5580211096804
/ho-chi-minh/be-an-pho-hu-tieu-diem-tam-sang/binh-luan,"Bé An - Phở, Hủ Tiếu & Điểm Tâm Sáng","1015 Vĩnh Lộc, X. Vĩnh Lộc B",696,774495,2,0.0,1,0,0,0,30,0,10.7931076,106.5565303
/ho-chi-minh/shu-shi-mi-cay-7-cap-do/binh-luan,Shu Shi - Mì Cay 7 Cấp Độ,"1A60/1 Trần Văn Giàu, Xã Phạm Văn Hai",696,786573,2,0.0,1,5,0,1,86,0,10.768928,106.555177
/ho-chi-minh/bun-pho-ha-noi/binh-luan,Bún & Phở Hà Nội,2A3 Trần Văn Giàu,696,780053,2,0.0,1,0,0,0,25,0,10.769177990597,106.5553936734795
/ho-chi-minh/nhu-y-com-binh-dan-vinh-loc/binh-luan,Như Ý - Cơm Bình Dân - Vĩnh Lộc,"1084 Vĩnh Lộc, X. Vĩnh Lộc B",696,774491,2,0.0,1,0,0,0,58,0,10.7943037,106.5570469
/ho-chi-minh/com-tam-bun-thit-nuong-vinh-loc/binh-luan,Cơm Tấm & Bún Thịt Nướng - Vĩnh Lộc,"1085 Vĩnh Lộc, X. Vĩnh Lộc B",696,774492,2,0.0,1,0,0,0,44,0,10.7943037,106.5570469
/ho-chi-minh/mi-cay-te-lua-tran-van-giau/binh-luan,Mì Cay Té Lửa - Trần Văn Giàu,2A3 Trần Văn Giàu,696,780051,2,0.0,1,4,0,1,65,0,10.7672297535701,106.5556759759783
/ho-chi-minh/coffee-1979-duong-lien-ap-2-3-4/binh-luan,COFFEE 1979 - Đường Liên Ấp 2 3 4,"Đầu Đường Liên Ấp 2 3 4, Giao Với Đường Nữ Dân Công, X. Vĩnh Lộc A",696,1132624,2,0.0,0,0,0,0,29,0,10.8325849992412,106.5595108799002
/ho-chi-minh/phuc-long-1-27a-ap-1-xa-vinh-loc-a/binh-luan,Phúc Long 1/27A Ấp 1 Xã Vĩnh Lộc A,"1/27A Ấp 1, X. Vĩnh Lộc A",696,1114856,2,0.0,0,0,0,0,11,0,10.8052423,106.5580143
/ho-chi-minh/mi-quang-ba-nam/binh-luan,Mì Quảng Bà Năm,"B1/21 Liên Ấp 6-2 , Xã Vĩnh Lộc A",696,1048027,2,0.0,1,0,0,0,15,0,10.8191524976903,106.5589770636215
/ho-chi-minh/tra-sua-pozaa-tea-trinh-quang-nghi/binh-luan,Trà Sữa Pozaa Tea - Trịnh Quang Nghị,"D11/298A Trịnh Quang Nghị, Tổ 11, Ấp 4, X. Phong Phú",696,1134521,2,0.0,0,0,0,0,29,0,10.693417,106.654411
/ho-chi-minh/moon-tra-sua-my-cay-duong-dinh-cuc/binh-luan,Moon - Trà Sữa & Mỳ Cay - Dương Đình Cúc,"D11/4 Dương Đình Cúc, Tân Kiên",696,1000036650,2,0.0,0,0,0,0,33,0,10.6972515,106.5848688
/ho-chi-minh/an-nhien-cafe-diem-tam-duong-so-9a/binh-luan,An Nhiên - Cafe & Điểm Tâm - Đường Số 9A,"85 Đường Số 9A, KDC Trung Sơn, Xã Bình Hưng",696,887317,2,2.4,1,4,1,1,149,0,10.737037,106.689727
/ho-chi-minh/cari-lau-tieu/binh-luan,Cari & Lẩu Tiều,"9/4 Phạm Hùng, Xã Bình Hưng",696,693729,2,8.466,11,0,3,3,259,3,10.719298,106.683714
/ho-chi-minh/hu-tieu-muc-ong-gia-cali-khu-trung-son/binh-luan,Hủ Tiếu Mực Ông Già Cali - Khu Trung Sơn,"41 Đường Số 4, P. Bình Hưng",696,980849,2,6.3,33,0,4,2,253,1,10.739009,106.690355
/ho-chi-minh/quan-an-leo-s-house/binh-luan,Quán Ăn Leo's House,C1/31G Phạm Hùng,696,177231,2,8.1,27,0,2,3,542,6,10.7347735342592,106.6708289086818
/ho-chi-minh/huong-quan-com-tam-duong-so-9a/binh-luan,Hương Quán - Cơm Tấm - Đường Số 9A,"43 - 45 Đường Số 9A, KDC Trung Sơn, Xã Bình Hưng",696,742070,2,6.8,22,0,4,1,261,1,10.738098,106.689753
/ho-chi-minh/thy-thy-banh-hoi-banh-uot-pham-hung.ep7wel/binh-luan,Thy Thy - Bánh Hỏi & Bánh Ướt - Phạm Hùng,"C2/39 Phạm Hùng, Ấp 4, X. Bình Hưng",696,1000049300,2,0.0,0,0,0,0,5,0,10.7305425,106.6700576
/ho-chi-minh/tra-sua-an-vat-kao-tra-sua-an-vat-lien-ap-5-6.tvbaap/binh-luan,Trà Sữa & Ăn Vặt KAO - Trà Sữa & Ăn Vặt - Liên Ấp 5 - 6,"E6/1C  Đường Liên Ấp 5 - 6, X. Vĩnh Lộc A",696,1000029309,2,0.0,0,0,0,0,5,0,10.8189446,106.5779953
/ho-chi-minh/nana-kitchen-thit-nuong-e2-44-quoc-lo-50.ogpt2c/binh-luan,Nana Kitchen - Thịt Nướng - E2/44 Quốc Lộ 50,"E2/44 Ấp 5 Quốc lộ 50, X. Phong Phú",696,1000043749,2,0.0,0,0,0,0,4,0,10.7113894,106.6557524
/ho-chi-minh/hong-ky-mart-thuc-pham-xanh-tran-dai-nghia/binh-luan,Hồng Ký Mart - Thực Phẩm Xanh - Trần Đại Nghĩa,"B4/27Q  Trần Đại Nghĩa Ấp 2, Xã Tân Kiên",696,1089885,2,0.0,0,0,0,0,28,0,10.722266,106.600272
/ho-chi-minh/a-minh-com-ga-xoi-mo-c6-14-vo-van-van.u9t3bg/binh-luan,A Minh - Cơm Gà Xối Mỡ  - C6/14 Võ Văn Vân,"Hẻm C6/13 Võ Văn Vân, X. Vĩnh Lộc B",696,1000052488,2,0.0,0,0,0,0,2,0,10.80295,106.577767
/ho-chi-minh/bep-nha-heo-an-vat-pham-hung.iaygjv/binh-luan,Bếp Nhà Heo - Ăn Vặt - Phạm Hùng,"Tiệm Tóc Nguyệt, Phạm Hùng, Xã Bình Hưng",696,1000049406,2,0.0,0,0,0,0,4,0,10.7291809,106.678256
/ho-chi-minh/quan-co-ba-sinh-to-nuoc-ep-cao-lo.4z2wwx/binh-luan,Quán Cô Ba - Sinh Tố & Nước Ép - Cao Lỗ,"C7/19/35 Cao Lỗ, Xã Bình Hưng",696,1000035377,2,0.0,0,0,0,0,10,0,10.7346647,106.6797212
/ho-chi-minh/tra-sua-ong-bau-tra-sua-duong-lien-ap-2-6.kwgzbb/binh-luan,Trà Sữa Ông Bầu - Trà Sữa - Đường Liên Ấp 2 - 6,"F2/29E3 Liên Ấp 2 - 6, X. Vĩnh Lộc A",696,1000052489,2,0.0,0,0,0,0,3,0,10.818391,106.565269
/ho-chi-minh/lau-ba-ba-lau-vinh-loc/binh-luan,Lẩu Bà Ba - Lẩu - Vĩnh Lộc,"2186 Đường Vĩnh Lộc, Ấp 4",696,1000026359,2,0.0,0,0,0,0,29,0,10.8116507331641,106.5763717591441
/ho-chi-minh/quan-huyen-trang-cut-lon-hot-ga-nuong/binh-luan,Quán Huyền Trang - Cút Lộn & Hột Gà Nướng,"B13/18 Quốc Lộ 50, X. Bình Hưng",696,1121277,2,0.0,0,0,0,0,21,0,10.7154151,106.6557247
/ho-chi-minh/vegan-world-bun-com-chay-an-vat/binh-luan,Vegan World - Bún Cơm Chay & Ăn Vặt,"14/75/2A Phạm Hùng, X. Bình Hưng",696,1000046827,2,0.0,0,0,0,0,22,0,10.7343102,106.6705119
/ho-chi-minh/hanie-tea-milk-tea-tran-dai-nghia/binh-luan,Hanie - Tea & Milk Tea - Trần Đại Nghĩa,"B4/22 Trần Đại Nghĩa, X. Tân Kiên",696,1000054496,2,0.0,0,0,0,0,2,0,10.7229338,106.5995749
/ho-chi-minh/an-la-ghien-thuy-beo-an-uong-6b-pham-hung.4ounpq/binh-luan,Ăn Là Ghiền Thuỷ Béo - Ăn Uống - 6B Phạm Hùng,"6B Phạm Hùng, X. Bình Hưng",696,1000054460,2,0.0,0,0,0,0,4,0,10.7226505,106.6835238
/ho-chi-minh/luna-tea-tra-sua-diem-tam-sang-trua-chieu-duong-so-1.ejif0m/binh-luan,Luna Tea - Trà Sữa & Điểm Tâm Sáng Trưa Chiều - Đường Số 1,"Chung Cư Mizuki, MP2-001.01 Đường Số 1, X. Bình Hưng",696,1000054382,2,0.0,0,0,0,0,3,0,10.7161891,106.661092
/ho-chi-minh/nhi-tam-tra-sua-banh-flan-quoc-lo-50/binh-luan,Nhi Tâm - Trà Sữa & Bánh Flan - Quốc Lộ 50,"A29/15/1, QL50, X. Bình Hưng",696,1000053830,2,0.0,0,0,0,0,23,0,10.726556,106.655947
/ho-chi-minh/an-vat-quan-banh-xeo-banh-khot-goi-cuon-ap-1/binh-luan,"Ăn Vặt Quán - Bánh Xèo, Bánh Khọt & Gỏi Cuốn - Ấp 1"," A2/45Q Ấp 1, X. Vĩnh Lộc A",696,1000053822,2,0.0,0,0,0,0,5,0,10.8134636,106.5653973
/ho-chi-minh/banh-trang-ty-pun-duong-so-1/binh-luan,Bánh Tráng Ty Pun - Đường Số 1,"61 Đường Số 1, Khu Dân Cư Bình Hưng, X. Bình Hưng",696,1085559,2,0.0,0,0,0,0,13,0,10.725802,106.654572
/ho-chi-minh/ca-phe-ong-bau-satra-pham-hung/binh-luan,Cà Phê Ông Bầu - Satra Phạm Hùng,"Sân Trước TTTM Satra Phạm Hùng, C6/27 Phạm Hùng, X. Bình Hưng",696,1126655,2,0.0,0,0,0,0,11,0,10.7338051,106.6744498
/ho-chi-minh/banh-trang-abi-an-vat-hung-nhon.8ldm5f/binh-luan,Bánh Tráng ABI - Ăn Vặt - Hưng Nhơn,"C5/10A Hưng Nhơn, X. Tân Kiên",696,1000034212,2,0.0,0,0,0,0,8,0,10.7116762,106.598423
/ho-chi-minh/chao-dinh-duong-panda-binh-hung.prtpxt/binh-luan,Cháo Dinh Dưỡng Panda - Bình Hưng,"A6/18 Quốc lộ 50, X. Bình Hưng",696,1000050167,2,0.0,0,0,0,0,19,0,10.729029,106.6560965
/ho-chi-minh/moon-nuoc-ep-tuoi-tra-sua-kem-tuoi-quach-dieu/binh-luan,"Moon - Nước Ép Tươi, Trà Sữa & Kem Tươi - Quách Điêu","F1/58 Quách Điêu, X. Vĩnh Lộc A",696,1000052735,2,0.0,0,0,0,0,22,0,10.8141008,106.5772909
/ho-chi-minh/phuc-bo-to-cu-chi/binh-luan,Phúc - Bò Tơ Củ Chi,31 Đường Số 4,696,48311,2,6.4,18,0,1,0,1546,2,10.739061,106.690704
/ho-chi-minh/quan-phuc-2-dac-san-dong-que-bo-to-cu-chi/binh-luan,Quán Phúc 2 - Đặc Sản Đồng Quê & Bò Tơ Củ Chi,"38 Đường Số 9, KDC Trung Sơn",696,83636,2,7.6,17,0,1,0,1509,1,10.733697,106.689282
/ho-chi-minh/quan-cua/binh-luan,Quán Cua,"C19/11 Đường Số 9, Khu Trung Sơn",696,9331,2,7.4,0,0,1,0,1458,1,10.738721,106.689064
/ho-chi-minh/lau-de-de-nhat/binh-luan,Lẩu Dê Đệ Nhất,135 Đường Số 10,696,749189,2,4.12,34,0,5,0,1343,1,10.734026,106.689
/ho-chi-minh/lucas-greek-yogurt-sua-chua-hy-lap-chung-cu-him-lam-sai-gon.yvjxvc/binh-luan,Lucas Greek Yogurt - Sữa Chua Hy Lạp - Chung Cư Him Lam Sài Gòn,"Chung Cư Him Lam Nam Sài Gòn Đường Số 14, X. Bình Hưng",696,1000054768,2,0.0,0,0,0,0,4,0,10.7322542,106.6866982
/ho-chi-minh/bonie-food-drink-trai-cay-nuoc-uong-mi-tron-pham-hung.jlg8xq/binh-luan,"BONIE FOOD & DRINK - Trái Cây, Nước Uống & Mì Trộn - Phạm Hùng","A20.22 Chung Cư The EASTER CITY Phạm Hùng, X. Bình Hưng",696,1000054728,2,0.0,0,0,0,0,3,0,10.7228925,106.6834567
/ho-chi-minh/tiem-tra-1998-tra-sua-tra-trai-cay-tran-van-giau.zpejgq/binh-luan,Tiệm Trà 1998 - Trà Sữa & Trà Trái Cây - Trần Văn Giàu,"A4/13 Ấp 1, Trần Văn Giàu, X. Lê Minh Xuân",696,1000054608,2,0.0,0,0,0,0,2,0,10.7632751,106.5668839
/ho-chi-minh/mi-tron-phat-sot-pham-hung/binh-luan,Mì Trộn Phát Sốt - Phạm Hùng,"C3/42C1 Phạm Hùng, X. Bình Hưng",696,1138298,2,0.0,0,0,0,0,27,0,10.732645,106.669185
/ho-chi-minh/coffee-milktea-bike-tra-sua-tra-trai-cay-nguyen-cuu-phu/binh-luan,Coffee & Milktea Bike - Trà Sữa & Trà Trái Cây - Nguyễn Cửu Phú," 733 Nguyễn Cửu Phú, X. Tân Kiên",696,1137684,2,0.0,0,0,0,0,4,0,10.7116003,106.5809974
/ho-chi-minh/funny-beer-food/binh-luan,Funny Beer Food,1/27 Đinh Đức Thiện,696,953697,2,8.6,133,3,1,1,84,0,10.655611,106.585521
/ho-chi-minh/bo-to-tay-ninh-nam-sanh-quoc-lo-1a/binh-luan,Bò Tơ Tây Ninh Năm Sánh - Quốc Lộ 1A,"13/11 Quốc Lộ 1A, Xã Tân Quý Tây",696,922924,2,8.6,7,0,1,0,372,1,10.673588,106.580382
/ho-chi-minh/hoa-bay-tra-sua-my-cay/binh-luan,Hoa Bay - Trà Sữa & Mỳ Cay,"10/9C Đoàn Nguyễn Tuân, Xã Tân Quý Tây",696,679591,2,8.6,16,0,1,2,181,0,10.6675931,106.5894700999999
/ho-chi-minh/rum-coffee-duong-so-5/binh-luan,Rum Coffee - Đường Số 5," Số 1 Đường Số 5, KDC Phong Phú 4, X. Phong Phú",696,1112635,2,8.6,12,0,1,0,39,0,10.6886472,106.64816
/ho-chi-minh/xuan-quynh-tra-sua-collagen-banh-trang-tron/binh-luan,Xuân Quỳnh - Trà Sữa Collagen & Bánh Tráng Trộn,"D17/42 Tổ 57 Ấp 4, Xã Hưng Long",696,979160,2,7.76,11,0,5,1,169,1,10.6565064,106.6117158
/ho-chi-minh/sua-chua-doc-quyen-deo-min-centre-mall-pham-hung/binh-luan,Sữa Chua - Độc Quyền & Dẻo Mịn - Centre Mall Phạm Hùng,"Tầng 3 Centre Mall Phạm Hùng, C6/27 Phạm Hùng, Xã Bình Hưng",696,854332,2,8.52,33,0,5,4,219,0,10.733669,106.674442
/ho-chi-minh/com-ga-xoi-mo-frenzy-cau-xeo/binh-luan,Cơm Gà Xối Mỡ Frenzy - Vĩnh Lộc A,"F8/38 Ấp 6, P. Vĩnh Lộc A",696,964585,2,7.44,5,0,5,2,212,0,10.8145925259792,106.578964473749
/ho-chi-minh/phuc-ky-com-ga-hu-tieu-nui/binh-luan,"Phúc Ký - Cơm Gà, Hủ Tiếu & Nui","C4/34 Phạm Hùng, X. Bình Hưng",696,734964,2,6.5,32,3,2,5,462,0,10.729652,106.676385
/ho-chi-minh/the-chapel-coffee-duong-so-1/binh-luan,The Chapel Coffee - Đường Số 1,136 Đường Số 1,696,162796,2,8.4,25,0,2,4,881,2,10.732968,106.691856
/ho-chi-minh/com-ga-kieu-nguyet/binh-luan,Cơm Gà Kiều Nguyệt,"1135 Vĩnh Lộc, X. Vĩnh Lộc B",696,774488,2,0.0,1,0,0,0,53,0,10.7954867,106.5577966
/ho-chi-minh/chi-yen-do-chien-vinh-loc/binh-luan,Chị Yến Đồ Chiên - Vĩnh Lộc,1174 Vĩnh Lộc,696,1068072,2,0.0,0,0,0,0,39,0,10.7961286405429,106.5580840955242
/ho-chi-minh/chang-tra-sua-cafe-kem-muoi-a7-6-lien-to-4-5/binh-luan,Chang - Trà Sữa & Cafe Kem Muối - A7/6 Liên Tổ 4-5,"A7/6 Liên Tổ 4 - 5, X. Vĩnh Lộc A",696,1135743,2,0.0,0,0,0,0,6,0,10.8121077,106.5591872
/ho-chi-minh/coffee-212/binh-luan,Coffee 212,"C7/5B Nữ Dân Công, Xã Vĩnh Lộc A",696,821185,2,0.0,0,0,0,0,11,0,10.832832,106.560679
/ho-chi-minh/tra-sua-oic/binh-luan,Trà Sữa OIC,"A2/30D Liên Ấp 123, Vĩnh Lộc A",696,912879,2,0.0,11,1,0,1,85,0,10.8089555,106.5593632
/ho-chi-minh/chao-suon-dac-biet-nu-dan-cong/binh-luan,Cháo Sườn Đặc Biệt - Nữ Dân Công,"C2/16 Nữ Dân Công, X. Vĩnh Lộc A",696,1073906,2,0.0,0,0,0,0,18,1,10.8326887670764,106.5608065503653
/ho-chi-minh/binh-meo-tra-sua-dong-chai-an-vat-ap-6/binh-luan,Bình Mèo - Trà Sữa Đóng Chai & Ăn Vặt - Ấp 6,"F2/10D Ấp 6, X. Vĩnh Lộc B",696,1090806,2,0.0,0,0,0,0,8,0,10.790825,106.55852
/ho-chi-minh/banh-mi-ma-hai-tran-van-giau/binh-luan,Bánh Mì Má Hải - Trần Văn Giàu,"1A49/1 Trần Văn Giàu, X. Phạm Văn Hai",696,1119167,2,0.0,0,0,0,0,23,0,10.7679428551105,106.5577656438954
/ho-chi-minh/ghe-go-tra-sua-nha-lam-nguyen-thi-tu/binh-luan,Ghế Gỗ - Trà Sữa Nhà Làm - Nguyễn Thị Tú,"D6/13A Nguyễn Thị Tú, X. Vĩnh Lộc B",696,1129481,2,0.0,0,0,0,0,24,0,10.8145045645443,106.5820774109092
/ho-chi-minh/di-hong-chuoi-nuong-pham-hung/binh-luan,Dì Hồng - Chuối Nướng - Phạm Hùng,"C7/19 Phạm Hùng, Ấp 4, X. Bình Hưng",696,1113253,2,0.0,0,0,0,0,22,0,10.734965,106.680216
/ho-chi-minh/quan-com-duc-chi-com-suon-cong-nuong-vo-van-van.tv0yvt/binh-luan,Quán Cơm Đức Chí - Cơm Sườn Cọng Nướng - Võ Văn Vân,"4D/27F/3F Võ Văn Vân, X. Vĩnh Lộc B",696,1000038330,2,0.0,0,0,0,0,7,0,10.81225,106.582194
/ho-chi-minh/linh-coffee-milk-tea-tra-sua-ca-phe/binh-luan,Linh Coffee & Milk Tea - Trà Sữa & Cà Phê,"1426 Nguyễn Cửu Phú, X. Tân Kiên",696,1000036529,2,0.0,0,0,0,0,20,0,10.727049,106.5814212
/ho-chi-minh/ga-nuong-muoi-ot-gia-bao/binh-luan,Gà Nướng Muối Ớt Gia Bảo,"A6/3 Quốc Lộ 50, Xã Bình Hưng",696,1061665,2,0.0,0,0,0,0,41,0,10.729924,106.655976
/ho-chi-minh/misao-milktea-tra-sua-de-bao-2-3/binh-luan,Misao Milktea - Trà Sữa - Đê Bao 2 - 3,"B3/6 Ấp 2 Đường Đê Bao 2 - 3, X. Vĩnh Lộc B",696,1118965,2,0.0,0,0,0,0,23,0,10.78925,106.578139
/ho-chi-minh/nhu-y-banh-trang-tron-an-vat/binh-luan,Như Ý - Bánh Tráng Trộn & Ăn Vặt,"C7C/25/1A Phạm Hùng, Xã Bình Hưng",696,1051858,2,0.0,0,0,0,0,61,0,10.7331122,106.681028
/ho-chi-minh/sua-chua-hat-dac-nep-cam-dep-quoc-lo-50/binh-luan,Sữa Chua Hạt Đác Nếp Cẩm Đẹp + - Quốc Lộ 50,"A8/02 Quốc Lộ 50, X. Bình Hưng",696,1112677,2,0.0,0,0,0,0,23,0,10.7286315,106.655764
/ho-chi-minh/inno-kafe/binh-luan,Inno Kafe,"45 Đường Số 3, KDC Trung Sơn",696,254574,2,7.8,40,0,2,2,528,3,10.7362832,106.6916564
/ho-chi-minh/thuong-giai-dau-hu-thui-nguyen-thi-tu.axyayn/binh-luan,Thượng Giai - Đậu Hũ Thúi - Nguyễn Thị Tú,"D15/6A/1A Nguyễn Thị Tú, X. Vĩnh Lộc B",696,1000038408,2,0.0,0,0,0,0,25,0,10.8138377,106.5804341
/ho-chi-minh/quan-an-online-sunny-bun-mi-com-pham-hung.rn2rzn/binh-luan,"Quán Ăn Online Sunny - Bún , Mì & Cơm - Phạm Hùng","C3/16 Phạm Hùng, X. Bình Hưng",696,1000025858,2,0.0,0,0,0,0,7,0,10.7322686,106.6744511
/ho-chi-minh/bun-dau-phieu-quan-bun-dau-82-duong-3.sqmgie/binh-luan,Bún Đậu Phiêu Quán - Bún Đậu - 82 Đường 3,"82 Đường Số 3, X. Bình Hưng",696,1000050602,2,0.0,0,0,0,0,21,0,10.7362832,106.6916564
/ho-chi-minh/tea-wise-tea-coffee-kdc-trung-son.ovwkeo/binh-luan,Tea Wise - Tea & Coffee - KDC Trung Sơn,"54 Đường Số 6, X. Bình Hưng",696,1000052381,2,0.0,0,0,0,0,7,0,10.7376945,106.690421
/ho-chi-minh/mi-tron-hong-kong-nguyen-van-linh/binh-luan,Mì Trộn Hồng Kông - Nguyễn Văn Linh,"87 Đường Số 8 (Khu Biệt Thự Camellia Đường Nguyễn Văn Linh), X. Bình Hưng",696,1077886,2,0.0,0,0,0,0,40,0,10.720137,106.660994
/ho-chi-minh/ga-tam-ky-161-com-chao-goi-ga/binh-luan,"Gà Tam Kỳ 161 - Cơm, Cháo & Gỏi Gà","161 Đường 9A, KDC Trung Sơn, X. Bình Hưng",696,683808,2,0.0,3,6,0,4,353,1,10.734296,106.689631
/ho-chi-minh/ga-nuong-muoi-ot-88-vit-quay-vit-nuong/binh-luan,Gà Nướng Muối Ớt 88 - Vịt Quay & Vịt Nướng,"10 Liên Ấp 123, Xã Vĩnh Lộc B",696,1047488,2,0.0,0,0,0,0,60,0,10.7759791,106.585227
/ho-chi-minh/an-vat-nuoc-ep-co-an-sai-gon/binh-luan,Ăn Vặt & Nước Ép - Cô An Sài Gòn,"F1/31Y Vĩnh Lộc, X. Vĩnh Lộc A",696,1114028,2,0.0,0,0,0,0,25,0,10.8130972,106.5766018
/ho-chi-minh/hu-tieu-hai-san-71-duong-de-bao-2-3.ofk172/binh-luan,Hủ Tiếu Hải Sản 71 - Đường Đê Bao 2-3,"Đường Đê Bao 2 - 3, Ấp 2, X. Vĩnh Lộc B",696,1000053259,2,0.0,1,0,0,0,12,1,10.7933312,106.5786853
/ho-chi-minh/an-vat-sury-quoc-lo-50/binh-luan,Ăn Vặt Sury - Quốc Lộ 50,"A20/2B2 Quốc Lộ 50, X. Bình Hưng",696,1137117,2,0.0,0,0,0,0,4,0,10.727888,106.6558072
/ho-chi-minh/lau-boy-mini-1-nguoi-lau-an-vat-84-pham-hung/binh-luan,Lẩu Boy Mini 1 Người - Lẩu & Ăn Vặt - 84 Phạm Hùng,84 Phạm Hùng,696,1137189,2,0.0,0,0,0,0,9,0,10.732898,106.6720431
/ho-chi-minh/vit-quay-an-an-huong-lo-80/binh-luan,Vịt Quay An An - Hương Lộ 80,"F8/8 Hương Lộ 80, X. Vĩnh Lộc A",696,1137083,2,0.0,0,0,0,0,3,0,10.8159002070175,106.5810235966578
/ho-chi-minh/ome-coffee-pham-hung/binh-luan,OME Coffee - Phạm Hùng,"991 Phạm Hùng, X. Bình Hưng",696,1136962,2,0.0,0,0,0,0,23,0,10.7267532,106.6786628
/ho-chi-minh/alu-coffee-ca-phe-tra-duong-so-6/binh-luan,ALU COFFEE - Cà Phê & Trà - Đường Số 6,"38 Đường Số 6, X. Bình Hưng",696,1000053041,2,0.0,0,0,0,0,21,1,10.735638,106.6755327
/ho-chi-minh/chao-dinh-duong-vina-soup-quoc-lo-50/binh-luan,Cháo Dinh Dưỡng Vina Soup - Quốc Lộ 50,"A3/14 Quốc Lộ 50, X. Bình Hưng",696,1130530,2,0.0,0,0,0,0,25,0,10.73048,106.656012
/ho-chi-minh/banh-crepe-sau-rieng-banh-an-lien-tran-dai-nghia.lqwydw/binh-luan,Bánh Crepe Sầu Riêng - Bánh Ăn Liền - Trần Đại Nghĩa,"B12/4 Trần Đại Nghĩa, X. Tân Kiên",696,1000044763,2,0.0,0,0,0,0,28,0,10.727013,106.590356
/ho-chi-minh/lau-de-phong-luu-quach-dieu/binh-luan,Lẩu Dê Phong Lưu - Quách Điêu,C2/5 Quách Điêu,696,77411,2,7.1,14,0,2,0,1246,1,10.831952,106.570408
/ho-chi-minh/song-huy-clb-cafe-chim-canh/binh-luan,Song Huy - CLB Cafe Chim Cảnh,"2 Đường Số 1C, P. Bình Hưng",696,103133,2,8.3,10,0,2,0,1217,0,10.739043,106.692244
/ho-chi-minh/quan-bia-set-65-lau-cua-cua-hap/binh-luan,Quán Bia Sệt 65 - Lẩu Cua & Cua Hấp,"65 Đường Số 9A, KDC Trung Sơn",696,193487,2,6.1,36,0,2,3,1109,2,10.73743,106.689671
/ho-chi-minh/quan-oc-68/binh-luan,Quán Ốc 68,"137 Đường Số 9A, Trung Sơn",696,39852,2,6.4,2,0,2,2,1083,0,10.737124,106.689777
/ho-chi-minh/canh-bun-hoang-phan-thai/binh-luan,Canh Bún - Hoàng Phan Thái,Hoàng Phan Thái,696,88915,2,6.5,7,0,2,1,998,0,10.6738329,106.5526001
/ho-chi-minh/pho-gia-dinh-nguyen-cuu-phu/binh-luan,Phở Gia Định - Nguyễn Cửu Phú,"740 Nguyễn Cửu Phú, Xã Tân Kiên",696,87663,2,7.934,0,0,3,4,934,1,10.7148506,106.5814703999999
/ho-chi-minh/banh-mi-truong-an/binh-luan,Bánh Mì Trường An,"A12/36 Quốc lộ 50, Xã Phong Phú",696,91495,2,6.8,8,0,1,0,894,1,10.7399253,106.6562444999999
/ho-chi-minh/tra-sua-rot-rot-pham-hung/binh-luan,Trà Sữa Rột Rột - Phạm Hùng,"61/30 Phạm Hùng, Xã Bình Hưng",696,1136192,2,0.0,0,0,0,0,5,0,10.7333341,106.6750742
/ho-chi-minh/cafe-lam-son/binh-luan,Cafe Lam Sơn,"B5/121 Quốc Lộ 50, Xã Phong Phú",696,978682,2,8.4,0,0,1,0,55,0,10.691387,106.65475
/ho-chi-minh/imf-milk-tea/binh-luan,IMF Milk Tea,"B11/1 Ấp 2, Quốc Lộ 1A",696,178440,2,4.0,30,0,1,4,378,3,10.664399,106.569476
/ho-chi-minh/pho-quynh-quoc-lo-50/binh-luan,Phở Quỳnh - Quốc Lộ 50,"18a/30, Quốc Lộ 50, X. Bình Hưng",696,646900,2,3.0,24,0,3,4,301,0,10.7286912,106.65609
/ho-chi-minh/quan-an-24h-bun-cha-bun-bo-giai-khat/binh-luan,"Quán Ăn 24h - Bún Chả, Bún Bò & Giải Khát",79 Đường Số 8,696,725746,2,0.0,10,8,0,4,210,0,10.735838,106.691284
/ho-chi-minh/nhung-nguoi-sai-gon-cafe/binh-luan,Những Người Sài Gòn Cafe,"G8/36, Ấp 7, Tỉnh Lộ 10, Xã Lê Minh Xuân",696,314445,2,0.0,6,0,0,0,80,0,10.767245184207,106.55795948694
/ho-chi-minh/thao-nhan-2-hu-tieu-nam-vang/binh-luan,Thảo Nhân 2 - Hủ Tiếu Nam Vang,"1430 Vĩnh Lộc, X. Vĩnh Lộc B",696,774484,2,0.0,1,0,0,0,26,0,10.7983118,106.5599551
/ho-chi-minh/hu-tieu-my-gia-kiet-ky/binh-luan,Hủ Tiếu Mỳ Gia Kiệt Ký,"F6/9A Lại Hùng Cường, P. Vĩnh Lộc B",696,1076178,2,0.0,0,0,0,0,7,0,10.7984183,106.5602167
/ho-chi-minh/ga-tuoi-tien-thanh/binh-luan,Gà Tươi Tiến Thành,"D1/2 Đ. Dân Công Hoả Tuyến, X. Vĩnh Lộc A",696,1075920,2,0.0,0,1,0,0,21,0,10.8325171676856,106.5622172594758
/ho-chi-minh/tra-sua-hai-yen-vinh-loc/binh-luan,Trà Sữa Hải Yến - Vĩnh Lộc,"F1/15 Đường Vĩnh Lộc, Ấp 6, X. Vĩnh Lộc A",696,1076610,2,0.0,0,0,0,0,10,0,10.7985733,106.5603594
/ho-chi-minh/khong-gian-xua-coffee/binh-luan,Không Gian Xưa Coffee,Vĩnh Lộc B,696,242175,2,0.0,0,1,0,0,119,0,10.797087,106.560578
/ho-chi-minh/la-ca-store-an-vat-tra-sua-le-thi-ngay.ms6isl/binh-luan,La Cà Store - Ăn Vặt & Trà Sữa - Lê Thị Ngay,"A6/62F1 Ấp 1A Lê Thị Ngay, xã Vĩnh Lộc A",696,1000045053,2,0.0,0,0,0,0,17,0,10.8079948,106.5617399
/ho-chi-minh/nem-chua-thanh-hoa-nem-chua-nu-dan-cong.exbki4/binh-luan,Nem Chua Thanh Hóa - Nem Chua - Nữ Dân Công,"C8/14 Nữ Dân Công, X.Vĩnh Lộc A",696,1000026488,2,0.0,0,0,0,0,9,0,10.8321641,106.5631986
/ho-chi-minh/mai-la-hai-san-tuoi-song/binh-luan,Mái Lá - Hải Sản Tươi Sống,"Liên Ấp 1 - 2 - 3, Xã Vĩnh Lộc A",696,704539,2,0.0,1,0,0,0,90,2,10.807922,106.561822
/ho-chi-minh/ga-ran-huong-vi-viet-duong-lien-ap-1-2-3/binh-luan,Gà Rán Hương Vị Việt - Đường Liên Ấp 1-2-3,"B1/2D Tổ 1 Ấp 2 Đường Liên Ấp 1-2-3, X. Vĩnh Lộc B",696,1076512,2,0.0,0,0,0,0,27,0,10.8081753,106.5619296
/ho-chi-minh/viloco-coffee/binh-luan,Viloco Coffee,Kế C5/2 Nữ Dân Công,696,821881,2,0.0,0,0,0,0,11,0,10.83214,106.563292
/ho-chi-minh/ga-nuong-thach-minh-man/binh-luan,Gà Nướng Thạch Minh Mẫn,"B/26 Ấp 2, Quốc Lộ 50, Xã Bình Hưng",696,1055422,2,0.0,0,2,0,1,22,0,10.723498,106.655931
/ho-chi-minh/quan-bun-dau-homemade-nhu-y/binh-luan,Quán Bún Đậu Homemade Như Ý,"D12/33A Huỳnh Văn Trí, Xã Bình Chánh",696,1055414,2,0.0,0,0,0,0,33,0,10.663315,106.576927
/ho-chi-minh/mi-tron-nhu-y-binh-hung/binh-luan,Mì Trộn Như Ý - Bình Hưng,"43 Bình Hưng, X. Bình Hưng",696,1000049146,2,0.0,0,0,0,0,3,0,10.7229146,106.6587986
/ho-chi-minh/com-ga-ran-88-duong-so-10/binh-luan,Cơm Gà Rán 88 - Đường Số 10,"88 Đường Số 10, X. Bình Hưng",696,1000028177,2,0.0,0,1,0,0,17,0,10.7270995,106.6513574
/ho-chi-minh/bun-bo-ba-ly-bun-bo-hue-47-duong-so-4.xcfmzy/binh-luan,Bún Bò Bà Ly - Bún Bò Huế - 47 Đường Số 4,"47 Đường Số 4, Ấp 4B, Xã Bình Hưng",696,1000034731,2,0.0,0,0,0,0,3,0,10.7388348,106.6902145
/ho-chi-minh/way-coffee-duong-so-5/binh-luan,Way Coffee - Đường Số 5,30 Đường Số 5,696,704478,2,6.734,23,0,3,1,228,1,10.7357469356125,106.6734403744339
/ho-chi-minh/khanh-ly-banh-uot-banh-cuon/binh-luan,Khánh Ly - Bánh Ướt & Bánh Cuốn,"C3/14 Phạm Hùng, Xã Bình Hưng",696,731392,2,7.6,11,0,2,2,121,1,10.7317047465615,106.6746899485588
/ho-chi-minh/nam-vang-hu-tieu-banh-canh-2-to-duong-so-9a-shop-online/binh-luan,Nam Vang Hủ Tiếu Bánh Canh 2 Tô - Đường Số 9A - Shop Online,"120 Đường Số 9A, Xã Bình Hưng",696,1056802,2,0.0,0,0,0,0,29,0,10.7364462,106.6897259
/ho-chi-minh/shoryu-hotpot-online-only-lau-tu-xuyen-duong-so-7.ufqhtt/binh-luan,Shoryu Hotpot Online Only - Lẩu Tứ Xuyên - Đường Số 7,"91 Đường Số 7, Phong Phú",696,1000028668,2,0.0,0,0,0,0,26,0,10.7255274,106.6466123
/ho-chi-minh/coffe-bike-nguye-n-cu-u-phu.jcctpu/binh-luan,COFFE BIKE - Nguyễn Cữu Phú,"733 Nguyễn Cửu Phú, X. Tân Kiên",696,1000048688,2,0.0,0,0,0,0,3,0,10.7118,106.5809422
/ho-chi-minh/tra-sua-miss-u/binh-luan,Trà Sữa Miss U,"A3/102A Quốc Lộ 50 Ấp 1, X. Đa Phước",696,1076323,2,0.0,0,0,0,0,3,0,10.6741207,106.6509418
/ho-chi-minh/the-coffee-house-ca-phe-goi-235-duong-so-9a/binh-luan,The Coffee House - Cà Phê Gói - 235 Đường Số 9A,"235 Đường số 9A, Khu Dân Cư Trung Sơn, X. Bình Hưng",696,1091266,2,0.0,0,0,0,0,21,0,10.7326167,106.6891339
/ho-chi-minh/tongk-tra-sua-pho-mai-kem-chay-quach-dieu.nou0xa/binh-luan,TongK - Trà Sữa Phô Mai Kem Cháy - Quách Điêu,"F12/1 Quách Điêu, Xã Vĩnh Lộc A",696,1000022575,2,0.0,0,0,0,0,40,0,10.8184,106.5764
/ho-chi-minh/hai-thanh-com-ga-mi-xao-quoc-lo-50/binh-luan,Hải Thành - Cơm Gà & Mì Xào - Quốc Lộ 50,"D2/207 Ấp 4 Quôc Lộ 50, P. Phong Phú",696,1000045006,2,0.0,0,0,0,0,25,0,10.698228,106.6544204
/ho-chi-minh/kem-trai-cay-tuoi-mr-bean-kem-sau-rieng-kem-nhan-kem-bo-duong-so-8c.59qnlp/binh-luan,"Kem Trái Cây Tươi Mr Bean - Kem Sầu Riêng, Kem Nhãn & Kem Bơ - Đường Số 8C","8 Đường Số 8C, X. Bình Hưng",696,1000025925,2,0.0,0,0,0,0,62,0,10.7199219,106.6613206
/ho-chi-minh/napoli-coffee-pham-thi-nghi/binh-luan,Napoli Coffee - Phạm Thị Nghĩ,"6F Phạm Thị Nghĩ, X. Vĩnh Lộc A",696,1135872,2,0.0,0,0,0,0,3,0,10.8191264,106.5777691
/ho-chi-minh/bo-vien-nha-lam-thuc-pham-e10-4h7-thoi-hoa.srmzhg/binh-luan,Bò Viên Nhà Làm - Thực Phẩm - E10/4H7 Thới Hoà,"E10/4H7 Thới Hòa, X. Vĩnh Lộc A",696,1000052447,2,0.0,0,0,0,0,19,0,10.8298805,106.5747851
/ho-chi-minh/pho-hoa-tho-da-duong-so-1/binh-luan,Phở Hòa Thố Đá - Đường Số 1,"48 Đường Số 1, Khu Dân Cư 6B Intresco, X. Bình Hưng",696,1135109,2,0.0,0,0,0,0,46,0,10.7194627,106.6841855
/ho-chi-minh/tra-sua-beo-oi-tran-dai-nghia/binh-luan,Trà Sữa Béo Ơi - Trần Đại Nghĩa,"B5/20i Trần Đại Nghĩa, Ấp 2, X. Tân Kiên",696,1134936,2,0.0,0,0,0,0,19,0,10.7287633,106.5838519
/ho-chi-minh/may-food-com-ga-mat-ong-kimbap/binh-luan,May Food - Cơm Gà Mật Ong & Kimbap,"E4/109, Tổ 4, Ấp 5, X. Phong Phú",696,1134704,2,0.0,0,0,0,0,5,0,10.705667,106.655056
/ho-chi-minh/takoyaki-ba-co-chu-banh-bach-tuoc-pho-mai-109-duong-so-11.xymwgb/binh-luan,TAKOYAKI BA CÔ CHỦ - Bánh Bạch Tuộc & Phô Mai - 109 Đường số 11,"109 Đường Số 11, X. Bình Hưng",696,1000051832,2,0.0,0,0,0,0,15,0,10.7310059,106.6534032
/ho-chi-minh/banh-mi-ha-noi-pham-hung/binh-luan,Bánh Mì Hà Nội - Phạm Hùng,"C4/14D2 Phạm Hùng, X. Bình Hưng",696,210007,2,7.6,12,0,1,0,219,1,10.731575,106.6748911
/ho-chi-minh/ba-ta-m-xuan-banh-trang-tron-quoc-lo-50.hkgzat/binh-luan,Bà Tám Xuân - Bánh Tráng Trộn - Quốc Lộ 50,"A29/1 Quốc Lộ 50 (Cửa Hàng Gạch Quốc Anh), X. Bình Hưng",696,1000022523,2,0.0,0,0,0,0,13,0,10.731004,106.656123
/ho-chi-minh/quan-hien-thanh-nuoc-sam-gia-truyen-vo-van-van.w0oapo/binh-luan,Quán Hiên Thành - Nước Sâm Gia Truyền - Võ Văn Vân,"C2/1C Võ Văn Vân, X.Vĩnh Lộc B",696,1000025490,2,0.0,0,0,0,0,4,0,10.7862771,106.5751351
/ho-chi-minh/chip-chip-banh-mi-que-nguyen-van-linh/binh-luan,Chip Chip - Bánh Mì Que - Nguyễn Văn Linh,"A17/9 Nguyễn Văn Linh, X. Bình Hưng",696,1103059,2,0.0,0,0,0,0,28,0,10.7242789,106.6604264
/ho-chi-minh/quan-com-phong-phu-vo-van-van/binh-luan,Quán Cơm Phong Phú - Võ Văn Vân,"D20/26 Võ Văn Vân, Ấp 4, X. Vĩnh Lộc B",696,766562,2,0.0,5,0,0,0,125,0,10.808827,106.578546
/ho-chi-minh/minh-tien-hot-vit-muc-nuong-duong-so-8/binh-luan,Minh Tiến - Hột Vịt & Mực Nướng - Đường Số 8,"88 Đường Số 8, X. Bình Hưng",696,1141624,2,0.0,0,0,0,0,19,0,10.7360919,106.6908447
/ho-chi-minh/com-ga-89-quach-dieu/binh-luan,Cơm Gà 89 - Quách Điêu,"C2/5 Quách Điêu, X. Vĩnh Lộc A",696,725652,2,8.334,9,0,3,1,362,3,10.8315003618352,106.5706221134133
/ho-chi-minh/che-chen-trung-hoa-vinh-loc/binh-luan,Chè Chén Trung Hoa - Vĩnh Lộc,2110 Vĩnh Lộc,696,131619,2,0.0,3,2,0,0,780,1,10.8082915,106.5709388999999
/ho-chi-minh/napoli-coffee-pham-hung/binh-luan,Napoli Coffee - Phạm Hùng ,Siêu Thị Satra Phạm Hùng,696,105622,2,7.2,34,0,1,0,721,1,10.7265052,106.6788506
/ho-chi-minh/de-39/binh-luan,Dê 39,39 Đường Số 4 Trung Sơn,696,39841,2,5.0,12,0,1,2,717,1,10.738948,106.6904
/ho-chi-minh/phong-van-cafe-san-vuon/binh-luan,Phong Vân - Cafe Sân Vườn,Đường Kênh C,696,116555,2,4.8,2,0,2,1,717,1,10.708923,106.56524
/ho-chi-minh/juicci-nuoc-ep-trai-cay-satra-pham-hung/binh-luan,Juicci - Nước Ép Trái Cây - Satra Phạm Hùng,"Satra Phạm Hùng, C6/27 Phạm Hùng, Xã Bình Hưng",696,1032526,2,8.3,7,0,2,0,46,1,10.733721,106.674514
/ho-chi-minh/quan-co-hanz-bun-thit-nuong-pham-hung.5jz5dz/binh-luan,Quán Cô Hằnz - Bún Thịt Nướng - Phạm Hùng,"C11/33 Phạm Hùng, X. Bình Hưng",696,1000023943,2,8.268,3,0,3,0,34,0,10.725464,106.674763
/ho-chi-minh/mai-coffee-quoc-lo-1a/binh-luan,Mai Coffee - Quốc Lộ 1A,"D7/6A Quốc Lộ 1A, TT. Tân Túc",696,683956,2,8.2,18,0,1,1,137,1,10.6671027780414,106.5723288059235
/ho-chi-minh/fresh-milk-shop-online/binh-luan,Fresh Milk - Shop Online,"C3/1D3 Phạm Hùng, P. Bình Hưng",696,755530,2,8.2,3,0,1,0,51,2,10.734675,106.672372
/ho-chi-minh/tuy-huong-com-van-phong-che-trai-cay-to/binh-luan,"Túy Hương - Cơm Văn Phòng, Chè & Trái Cây Tô","KDC Him Lam, 5 Đường Số 4, Xã Bình Hưng",696,932939,2,2.25,78,1,4,0,153,1,10.735006,106.678025
/ho-chi-minh/bep-anh-hao-com-nieu/binh-luan,Bếp Anh Hào - Cơm Niêu,"Block A EhomeS Đường Số 1, Xã Bình Hưng",696,1042926,2,7.4,6,0,3,3,116,0,10.7171,106.662861
/ho-chi-minh/nuoc-ep-lanh-yes-shop-online/binh-luan,Nước Ép Lạnh Yes! - Shop Online,"A1 Chung Cư The Mansion, Nguyễn Văn Linh",696,203332,2,8.0,4,0,2,3,316,0,10.707086,106.642922
/ho-chi-minh/quan-bia-goc-viet-duong-so-9/binh-luan,Quán Bia Góc Việt - Đường Số 9,66 Đường Số 9,696,137353,2,0.0,6,6,0,3,312,3,10.7358908867479,106.6889968514442
/ho-chi-minh/bun-dau-mam-tom-quan-chuoi/binh-luan,Bún Đậu Mắm Tôm - Quán Chuối,"D9/13 Ấp 4, Xã Bình Chánh",696,247021,2,0.0,5,8,0,3,533,2,10.673899921928,106.580464951694
/ho-chi-minh/meow-tea-and-street-food-vinh-loc/binh-luan,Meow Tea And Street Food - Vĩnh Lộc,"1429 Vĩnh Lộc, X. Vĩnh Lộc B",696,1112350,2,0.0,0,0,0,0,8,0,10.800824,106.562058
/ho-chi-minh/pho-gia-truyen-ha-noi-tran-van-giau/binh-luan,Phở Gia Truyền Hà Nội - Trần Văn Giàu,"1A50/1 Trần Văn Giàu, Ấp 1, Xã Phạm Văn Hai",696,786569,2,0.0,1,0,0,0,30,0,10.766397,106.560312
/ho-chi-minh/ht-coffee/binh-luan,HT Coffee,"E7/5 Vĩnh Lộc, Ấp 5, Xã Vĩnh Lộc B",696,731367,2,0.0,0,0,0,0,82,0,10.802053,106.562881
/ho-chi-minh/fe-coffee-tea/binh-luan,FE - Coffee & Tea,1504 Vĩnh Lộc,696,776687,2,0.0,1,0,0,0,66,0,10.8020491,106.5630539
/ho-chi-minh/bun-dau-bamboo/binh-luan,Bún Đậu BamBoo,"F12/2V Quách Điêu, Ấp 6, X. Vĩnh Lộc A",696,1076303,2,0.0,0,0,0,0,32,0,10.8411622136152,106.5653920840866
/ho-chi-minh/oc-dem-ba-lat/binh-luan,Ốc Đêm Bà Lát,"1A32/1 Trần Văn Giàu, Ấp 1, Xã Phạm Văn Hai",696,786566,2,0.0,1,0,0,0,103,0,10.766012,106.561176
/ho-chi-minh/minh-nhi-com-tam-binh-dan/binh-luan,Minh Nhí - Cơm Tấm Bình Dân,"1552 Vĩnh Lộc, X. Vĩnh Lộc",696,774452,2,0.0,1,0,0,0,42,0,10.8028872,106.5635035
/ho-chi-minh/co-loan-pha-lau-bo-nha-lam-lien-ap-2.aykihi/binh-luan,Cô Loan - Phá Lấu Bò Nhà Làm - Liên Ấp 2,"8n Liên Ấp 2 - 6, X. Vĩnh Lộc A",696,1000027004,2,0.0,0,0,0,0,23,0,10.8184833,106.5645306
/ho-chi-minh/tien-hung-pho-bun-bo/binh-luan,Tiến Hưng - Phở & Bún Bò,"1556 Vĩnh Lộc, X, Vĩnh Lộc A",696,774453,2,0.0,1,0,0,0,41,0,10.8028199,106.5636497
/ho-chi-minh/ngu-vi-2-com-tam-dem/binh-luan,Ngũ Vị 2 - Cơm Tấm Đêm,"1A30 Trần Văn Giàu, Xã Phạm Văn Hai",696,786565,2,0.0,1,0,0,0,37,0,10.765571,106.56211
/ho-chi-minh/tra-sua-nana-vo-van-van.vb6j1o/binh-luan,Trà Sữa NaNa - Võ Văn Vân,"B10/10J Võ Văn Vân, X. Vĩnh Lộc B",696,1000049908,2,0.0,0,0,0,0,3,0,10.790349,106.5761948
/ho-chi-minh/pho-huynh-trang/binh-luan,Phở Huỳnh Trang,"53H Ấp 4 C9 Nguyễn Văn Linh, Xã Bình Hưng",696,1022621,2,0.0,0,0,0,0,81,0,10.728565,106.67943
/ho-chi-minh/dac-hoa-heo-quay-vit-quay-huong-lo-80/binh-luan,Đắc Hòa - Heo Quay & Vịt Quay - Hương Lộ 80,"F15/25R Hương Lộ 80, Ấp 6, Xã Vĩnh Lộc A",696,776002,2,0.0,0,2,0,0,300,0,10.8122061,106.5764566
/ho-chi-minh/chao-gan-bo-5-chi-em/binh-luan,Cháo Gân Bò 5 Chị Em,C5/10B Bình Hưng,696,171314,2,7.4,22,0,3,0,651,1,10.7224763,106.6565075999999
/ho-chi-minh/xin-chao-cafe/binh-luan,Xin Chào Cafe,"KP3, Thị Trấn Tân Túc",696,230778,2,7.5,20,0,2,0,296,2,10.687809,106.582884
/ho-chi-minh/huye-n-tra-sinh-to-pha-m-hu-ng.jvxyww/binh-luan,Huyền - Trà & Sinh Tố - Phạm Hùng,"C3/18EH Phạm Hùng, X. Bình Hưng",696,1000038517,2,0.0,0,0,0,0,5,0,10.7336321,106.674541
/ho-chi-minh/hu-tieu-nam-vang-tai-anh-quoc-lo-50/binh-luan,Hủ Tiếu Nam Vang Tài Anh - Quốc Lộ 50,"A1/4 Quốc lộ 50, X. Phong Phú",696,1111733,2,0.0,0,2,0,1,42,0,10.6850748,106.6517849
/ho-chi-minh/mikitu-tra-sua-an-vat-han-quoc/binh-luan,Mikitu - Trà Sữa & Ăn Vặt Hàn Quốc,"C13/B25B Nguyễn Văn Linh, X. Bình Hưng",696,1108733,2,0.0,0,0,0,0,5,0,10.7269199,106.6842341
/ho-chi-minh/chi-loan-bun-nuoc-leo-soc-trang-duong-so-1/binh-luan,Chị Loan - Bún Nước Lèo Sóc Trăng - Đường Số 1,"KDC Trung Sơn, 82 Đường Số 1, Xã Bình Hưng",696,1046143,2,0.0,0,0,0,0,31,0,10.735097,106.693387
/ho-chi-minh/bun-rieu-cua-hu-tieu-canh-bun/binh-luan,"Bún Riêu Cua, Hủ Tiếu & Canh Bún","Hẻm 51 Phạm Hùng, X. Bình Hưng",696,734968,2,0.0,4,3,0,1,94,1,10.73556,106.672258
/ho-chi-minh/quan-muoi-cong-chao-goi-vit/binh-luan,Quán Mười Công - Cháo & Gỏi Vịt,"126 Đường Số 7, Xã Bình Hưng",696,742341,2,0.0,0,2,0,0,154,0,10.7352227,106.6901159
/ho-chi-minh/je-hamburger-sandwich/binh-luan,JE Hamburger & Sandwich,"132 Đường Số 11, KDC Bình Hưng, Xã Bình Hưng",696,1054650,2,0.0,0,0,0,0,34,0,10.730842,106.65357
/ho-chi-minh/bep-me-chom-cay-cam/binh-luan,Bếp Mẹ Chôm - Cây Cám,"B13/13A/1A Ấp 2B, Đường Cây Cám, Vĩnh Lộc B",696,1131931,2,0.0,0,0,0,0,5,0,10.7849932608919,106.5883671971605
/ho-chi-minh/tiem-com-ga-ngon-lac-lu-ga-gion-3-loai-sot-duong-so-9a-shop-online.f4youv/binh-luan,Tiệm Cơm Gà Ngon Lắc Lư - Gà Giòn 3 Loại Sốt - Đường Số 9A - Shop Online,"Block C Back Entrance, Chung Cư SaiGon Mia Đường Số 9A, X. Bình Hưng",696,1000050593,2,0.0,0,0,0,0,6,0,10.7326733,106.6889334
/ho-chi-minh/goi-cuon-dau-tay-pham-hung/binh-luan,Gỏi Cuốn Dâu Tây - Phạm Hùng,"C1/31E Phạm Hùng, X. Bình Hưng",696,1130847,2,0.0,0,0,0,0,34,0,10.7355012,106.672068
/ho-chi-minh/tiem-banh-lily-banh-ngot-tra-khu-do-thi-mizuki/binh-luan,Tiệm Bánh Lily - Bánh Ngọt & Trà - Khu Đô Thị Mizuki,"A002 Ehomes, KĐT Mizuki, Đường Nguyễn Văn Linh, X. Bình Hưng",696,1130697,2,0.0,0,0,0,0,25,0,10.7170359819235,106.662632528508
/ho-chi-minh/cafe-lyon-ca-phe-den-sua-nguyen-chat-b6-19-vo-van-van.a9p5af/binh-luan,Cafe Lyon - Cà Phê Đen & Sữa Nguyên Chất - B6/19 Võ Văn Vân,"B6/19 Võ Văn Vân, P. Vĩnh Lộc B",696,1000049950,2,0.0,0,0,0,0,2,0,10.7893929,106.5761079
/ho-chi-minh/lo-top-mo-mam-toi-ot-nhu-thao-quoc-lo-50.tealhl/binh-luan,Lò Tóp Mỡ Mắm Tỏi Ớt Như Thảo - Quốc Lộ 50,"B7/230N Ấp 2, Quốc lộ 50, X. Phong Phú",696,1000049779,2,0.0,0,0,0,0,3,0,10.6887925,106.655075
/ho-chi-minh/chu-trung-banh-hot-dog/binh-luan,Chú Trung - Bánh Hot Dog,C5/14 Phạm Hùng,696,755665,2,0.0,5,0,0,0,144,0,10.734805,106.672942
/ho-chi-minh/bo-la-lot-xuan-cuong/binh-luan,Bò Lá Lốt Xuân Cường,"D5/35 Quốc Lộ 50, Xã Phong Phú",696,94204,2,7.0,8,0,1,1,710,0,10.7399383,106.6562457
/ho-chi-minh/quan-an-so-1-trung-son/binh-luan,Quán Ăn Số 1 - Trung Sơn,"68 KDC Trung Sơn, Đường Số 9",696,73560,2,7.4,10,0,1,0,703,1,10.737145,106.689
/ho-chi-minh/binh-dien-quan-nha-hang-san-vuon/binh-luan,Bình Điền Quán - Nhà Hàng Sân Vườn,"E8/32 Nguyễn Hữu Trí, KP. 5, Thị Trấn Tân Túc",696,290734,2,0.0,0,3,0,0,665,2,10.696011,106.591448
/ho-chi-minh/hot-vit-lon-trung-vua-trung-cut-lon/binh-luan,"Hột Vịt Lộn , Trứng Vữa & Trứng Cút Lộn","Hẻm C4 Phạm Hùng, Xã Bình Hưng",696,646997,2,7.268,10,0,3,2,662,0,10.73005,106.674979
/ho-chi-minh/bun-bo-hue-o-phuong-quoc-lo-50/binh-luan,Bún Bò Huế O Phương - Quốc Lộ 50,B2/17 Quốc Lộ 50,696,124665,2,7.0,1,0,1,2,622,2,10.720842,106.6557263
/ho-chi-minh/phuong-dong-coffee/binh-luan,Phương Đông Coffee,"Quốc Lộ 50, Xã Phong Phú",696,645652,2,0.0,1,1,0,0,614,2,10.703737,106.654537
/ho-chi-minh/quoc-huy-cafe-bui-thanh-khiet/binh-luan,Quốc Huy Cafe - Bùi Thanh Khiết,"C9/20A Bùi Thanh Khiết, KP. 3",696,740686,2,8.2,48,0,1,0,163,0,10.675382058173,106.5796655188019
/ho-chi-minh/the-cups-coffee-vo-van-van/binh-luan,The Cups Coffee - Võ Văn Vân,"B6/14 Võ Văn Vân, Xã Vĩnh Lộc B",696,997578,2,8.2,30,0,1,0,81,0,10.789955,106.57613
/ho-chi-minh/quan-an-gia-dinh-thanh-phat/binh-luan,Quán Ăn Gia Đình Thành Phát,C11/17 Võ Văn Vân,696,227024,2,8.1,2,0,2,0,178,0,10.795776,106.576927
/ho-chi-minh/quan-chay-diem-linh/binh-luan,Quán Chay Diễm Linh,"1A26/1 Ấp 1 Tỉnh Lộ 10, Xã Phạm Văn Hai",696,786564,2,0.0,1,0,0,0,56,0,10.765523,106.562222
/ho-chi-minh/ngoc-ky-com-ga-xoi-mo-vinh-loc.jnwbj0/binh-luan,Ngọc Ký - Cơm Gà Xối Mỡ - Vĩnh Lộc,"A6/8C Vĩnh Lộc, X. Vĩnh Lộc A",696,1000024705,2,0.0,0,0,0,0,3,0,10.8038976,106.5644281
/ho-chi-minh/quan-be-thui-cau-mong-2/binh-luan,Quán Bê Thui Cầu Móng 2,"21 Dân Công Hoả Tuyến, Xã Vĩnh Lộc A",696,1072269,2,0.0,0,0,0,0,120,0,10.8319657,106.5660261
/ho-chi-minh/vit-quay-a-cuong-vit-quay-su-doan-9/binh-luan,VỊT QUAY A CƯỜNG - Vịt Quay - Sư Đoàn 9,"SỚI SỮA, + Sư Đoàn 9 (Đối Diện THẾ, Ngã 3 Liên Ấp 2 - 6), P. Vĩnh Lộc A",696,1000037979,2,0.0,0,0,0,0,45,0,10.8185332635218,106.5652798062368
/ho-chi-minh/cha-bong-viet-shop-online/binh-luan,Chà Bông Việt - Shop Online,"D8/50 Nữ Dân Công, Xã Vĩnh Lộc A",696,645946,2,0.0,9,0,0,0,171,0,10.833719,106.566332
/ho-chi-minh/quan-an-tam-ky-vinh-loc/binh-luan,Quán Ăn Tâm Ký - Vĩnh Lộc,"1634 Vĩnh Lộc, Ấp 6, Xã Vĩnh Lộc B",696,1030847,2,0.0,0,0,0,0,60,0,10.804319,106.564993
/ho-chi-minh/mai-com-tam-binh-dan/binh-luan,Mai - Cơm Tấm Bình Dân,"F3/9F Liên Ấp 2 - 6, Ấp Vĩnh Lộc A",696,781825,2,0.0,1,0,0,0,25,0,10.818446,106.565998
/ho-chi-minh/pho-bun-bo-141/binh-luan,Phở - Bún bò 141,"C20/3 Ấp 3 Đường Sư Đoàn 9, X. Vĩnh Lộc A",696,1076517,2,0.0,0,0,0,0,10,0,10.8315625,106.566795
/ho-chi-minh/k-giang-banh-mi-com-trua-van-phong/binh-luan,K'Giang - Bánh Mì & Cơm Trưa Văn Phòng,"A24/20 Quốc Lộ 50, Xã Bình Hưng",696,1044759,2,1.0,1,0,1,0,27,0,10.727305,106.656005
/ho-chi-minh/finn-coffee-tea-tra-sua-tra-dao/binh-luan,Finn Coffee & Tea - Trà Sữa & Trà Đào,"E14/326A Bờ Bao HTX Phong Phú, X. Phong Phú",696,1000045227,2,0.0,0,0,0,0,22,0,10.7111634,106.6562602
/ho-chi-minh/com-ga-gay-som-com-suon-duong-1a/binh-luan,Cơm Gà Gáy Sớm - Cơm Sườn - Đường 1A,"31B Đường 1A, Xã Vĩnh Lộc B",696,1000045428,2,0.0,0,0,0,0,22,0,10.7740552,106.5788805
/ho-chi-minh/an-sang-co-nhung-bun-bo-hu-tieu-pham-hung/binh-luan,Ăn Sáng Cô Nhung - Bún Bò & Hủ Tiếu - Phạm Hùng,"C2/12A3 Phạm Hùng, X. Bình Hưng",696,1105439,2,0.0,0,0,0,0,7,0,10.7335314,106.6678998
/ho-chi-minh/am-thuc-chay-buu-niem/binh-luan,Ẩm Thực Chay Bửu Niệm,"95 Đường Số 8, KDC Trung Sơn, Xã Bình Hưng",696,900792,2,7.9,27,0,2,1,595,0,10.735709,106.690877
/ho-chi-minh/aht-coffee-do-uong-thoi-hoa.2jteqk/binh-luan,AHT COFFEE - Đồ Uống - Thới Hòa,"6h Thới Hòa, X. Vĩnh Lộc A",696,1000049684,2,0.0,0,0,0,0,6,0,10.8311367,106.5726558
/ho-chi-minh/berrytea-tra-trai-cay-duong-so-9.pyh7h1/binh-luan,BerryTea - Trà Trái Cây - Đường Số 9,"68 Đường Số 9, Ấp 2, X. Bình Hưng",696,1000049240,2,0.0,0,0,0,0,3,0,10.7292355,106.6539327
/ho-chi-minh/com-84-cao-lo/binh-luan,Cơm 84 Cao Lỗ,"B14/27 Ấp 3 Quốc Lộ 50,  Xã Bình Hưng",696,1027319,2,0.0,0,0,0,0,15,0,10.716573,106.655528
/ho-chi-minh/saka-tra-sua-mi-cay/binh-luan,Saka - Trà Sữa & Mì Cay,"C1/3L Bùi Thanh Khiết, TT. Tân Túc",696,854745,2,0.0,3,1,0,0,188,1,10.6894877489538,106.5748453895491
/ho-chi-minh/neca-fresh-yogurt-kdc-duong-hong/binh-luan,Neca Fresh Yogurt - KDC Dương Hồng,"61 Đường Số 1, Khu Dân Cư Dương Hồng, X. Bình Hưng",696,1118981,2,0.0,0,0,0,0,23,0,10.720969,106.6624503
/ho-chi-minh/bun-cha-ca-nha-trang-bien-nho/binh-luan,Bún Chả Cá Nha Trang Biển Nhớ,"A10/27Y Đường Số 1, KDC Bình Hưng, Xã Bình Hưng",696,734766,2,0.0,0,1,0,1,57,0,10.7260194,106.6542357
/ho-chi-minh/hoang-map-banh-mi-pham-hung.2km3aq/binh-luan,HOÀNG MẬP - Bánh Mì - Phạm Hùng,"C1/23 Phạm Hùng, X. Bình Hưng",696,1000049624,2,0.0,0,0,0,0,6,0,10.7208184,106.6826879
/ho-chi-minh/phuong-milk-tea-2a-10a-ap-1.sloqj1/binh-luan,Phượng - Milk Tea - 2A/10A Ấp 1,"2A/10A Ấp 1, X. Vĩnh Lộc A",696,1000049166,2,0.0,0,0,0,0,6,0,10.8083489,106.5682589
/ho-chi-minh/tra-dao-gau-beo-quoc-lo-50/binh-luan,Trà Đào Gấu Béo - Quốc Lộ 50,"E7/191/3 Quốc Lộ 50, Ấp 5, X. Đa Phước",696,1129599,2,0.0,0,0,0,0,21,0,10.6700907,106.6508692
/ho-chi-minh/an-vat-me-kem-che-dua-dam-chuoi-nep-nuong-la-dua-quoc-lo-50.vvvbpt/binh-luan,"Ăn Vặt Mẹ Kem - Chè Dừa Dầm, Chuối Nếp Nướng Lá Dứa - Quốc Lộ 50","B6/24 Quốc lộ 50, Xã Bình Hưng",696,1000022861,2,0.0,0,2,0,2,38,0,10.7148256,106.6554457
/ho-chi-minh/hong-ky-food-duong-6a/binh-luan,Hồng Ký Food - Đường 6A,"B11/18G Đường 6A, Ấp 2A, X. Vĩnh Lộc B",696,1059924,2,0.0,0,0,0,0,28,0,10.7907938,106.5709212
/ho-chi-minh/an-vat-bo-tun-thuc-pham-cap-dong-heo-muc-tuoi-pham-hung/binh-luan,Ăn Vặt Bơ Tũn - Thực Phẩm Cấp Đông Heo Mực Tươi - Phạm Hùng,"C2/12F Ấp 4 Phạm Hùng, Xã Bình Hưng",696,1087777,2,0.0,0,0,0,0,23,0,10.730625,106.669128
/ho-chi-minh/i-love-sushi-pham-hung/binh-luan,I Love Sushi - Phạm Hùng,"C8/39b1 Phạm Hùng, X. Bình Hưng",696,1119661,2,0.0,0,1,0,0,34,0,10.7298097,106.6770571
/ho-chi-minh/cherry-shop-mon-an-mien-que-6b-pham-hung.ixddgb/binh-luan,Cherry Shop - Món Ăn Miền Quê - 6B Phạm Hùng,"6B Phạm Hùng, Xã Bình Hưng",696,1000034420,2,0.0,0,0,0,0,3,0,10.7226505,106.6835238
/ho-chi-minh/my-cay-bun-thai-b-b/binh-luan,Mỳ Cay & Bún Thái - B&B,"61/64 Phạm Hùng, X. Bình Hưng",696,1000038700,2,0.0,0,0,0,0,17,0,10.7338547,106.6761218
/ho-chi-minh/mr-thinh-khoai-lac-chuoi-lac-sake-lac/binh-luan,"Mr Thịnh - Khoai Lắc, Chuối Lắc & Sake Lắc","C9/4A1 Phạm Hùng, X. Bình Hưng",696,731743,2,8.0,28,0,2,1,296,1,10.729048,106.677075
/ho-chi-minh/hong-ha-coffee-shisha-duong-10/binh-luan,Hồng Hà Coffee Shisha - Đường 10,"11 Đường Số 10, Khu Trung Sơn",696,145216,2,8.0,11,0,1,0,612,0,10.7340409282625,106.6907349228859
/ho-chi-minh/quan-huong-vi-bien-hai-san-tuoi-song/binh-luan,Quán Hương Vị Biển - Hải Sản Tươi Sống,"Đường Số 10, X. Bình Hưng",696,283884,2,6.132,25,0,3,0,561,0,10.727022,106.654414
/ho-chi-minh/miss-you-cafe/binh-luan,Miss You Cafe,"98 Đường số 10, X. Bình Hưng",696,43959,2,0.0,0,1,0,0,560,2,10.733958,106.690046
/ho-chi-minh/vinh-ky-mi-gia/binh-luan,Vinh Ký Mì Gia,Đường Số 7,696,121569,2,7.2,7,0,1,0,546,0,10.7068521,106.6435747
/ho-chi-minh/oc-can-gio/binh-luan,Ốc Cần Giờ,"92 Đường Số 8, KDC Trung Sơn",696,694482,2,7.6,4,0,2,2,540,0,10.735857,106.69042
/ho-chi-minh/quan-an-san-vuong-a-ty-vo-tran-chi/binh-luan,Quán Ăn Sân Vường A Ty - Võ Trần Chí,"15A Võ Trần Chí, Ấp 1, X. Tân Kiên",696,1131558,2,0.0,0,0,0,0,25,0,10.7123586093574,106.5738142230896
/ho-chi-minh/tra-sua-kim-duong-so-1/binh-luan,Trà Sữa Kim - Đường Số 1,"171 Đường Số 1, Xã Bình Hưng",696,913746,2,8.0,30,0,1,0,89,2,10.730043,106.654341
/ho-chi-minh/bangkok-kitchen-khu-dan-cu-gia-hoa/binh-luan,Bangkok Kitchen - Khu Dân Cư Gia Hòa,"E4B/11 Khu Dân Cư Gia Hòa, Xã Phong Phú",696,783250,2,8.0,5,0,1,1,440,1,10.7054310913909,106.6526811843198
/ho-chi-minh/nha-trang-quan-bun-cha-ca-khu-dan-cu-conic/binh-luan,Nha Trang Quán - Bún Chả Cá - Khu Dân Cư Conic,"2 Đường Số 2, Đối Diện Block H, KDC Conic, 13B Nguyễn Văn Linh",696,936449,2,8.0,6,0,1,0,37,9,10.710806,106.642885
/ho-chi-minh/hu-tieu-de-quoc-lo-50/binh-luan,Hủ Tiếu Dê - Quốc Lộ 50,E3/72 Quốc Lộ 50,696,208140,2,8.0,2,0,1,0,257,1,10.687808,106.65327
/ho-chi-minh/hu-tieu-duong-so-10/binh-luan,Hủ Tiếu - Đường Số 10,35 Đường Số 10,696,766915,2,8.0,3,0,1,1,54,0,10.727105348864,106.6494350212496
/ho-chi-minh/bit-tet-song-nhi/binh-luan,Bít Tết Song Nhi,"B2/59 Tân Liêm, Xã Phong Phú",696,958027,2,8.0,1,0,1,0,47,0,10.689179,106.650068
/ho-chi-minh/quan-tuan-com-trua-com-van-phong/binh-luan,Tuấn Ký - Cơm Gà Xối Mỡ & Sinh Tố,"267 Đường 9A, KDC Trung Sơn, Xã Bình Hưng",696,785034,2,4.334,6,0,3,0,274,0,10.731875,106.689712
/ho-chi-minh/banh-xeo-mien-trung-pham-hung/binh-luan,Bánh Xèo Miền Trung,"C4/9P Phạm Hùng, Xã Bình Hưng",696,635820,2,6.8,12,0,1,2,365,2,10.731385,106.675091
/ho-chi-minh/lovegarden-cafe/binh-luan,LoveGarden Cafe,"Đường Số 6B , Vĩnh Lộc B",696,191602,2,6.0,9,0,1,2,299,1,10.791897,106.570319
/ho-chi-minh/trai-cay-to-pham-hung/binh-luan,Trái Cây Tô - Phạm Hùng,"C6/27A Phạm Hùng, X. Bình Hưng",696,226116,2,6.2,4,7,1,2,126,1,10.733246,106.674415
/ho-chi-minh/com-tam-ngoc-hanh-vinh-loc/binh-luan,Cơm Tấm Ngọc Hạnh - Vĩnh Lộc,"A3/20 Vĩnh Lộc, X. Vĩnh Lộc A",696,1083252,2,0.0,0,1,0,0,38,0,10.8051473272691,106.5657359531621
/ho-chi-minh/hello-kem/binh-luan,Hello Kem,"1.04 Măt Tiền 6D, Khu Dân Cư Tái Đinh Cư, Đường Số 1A, X. Vĩnh Lộc B",696,1052137,2,0.0,0,0,0,0,24,0,10.770584,106.564215
/ho-chi-minh/pho-viet-tinh-lo-10/binh-luan,Phở Việt - Tỉnh Lộ 10,"1A21 Ấp 1 Tỉnh Lộ 10, Xã Phạm Văn Hai",696,786563,2,0.0,1,0,0,0,49,0,10.764646,106.56412
/ho-chi-minh/gio-cha-bac-ninh-cha-lua.rwxht2/binh-luan,Giò Chả Bắc Ninh - Chả lụa,"G2/30 Trần Văn Giàu, X. Lê Minh Xuân",696,1000044891,2,0.0,0,0,0,0,3,0,10.76437,106.5642
/ho-chi-minh/thit-dong-lanh-ngoc-hanh-vinh-loc/binh-luan,Thịt Đông Lạnh Ngọc Hạnh - Vĩnh Lộc,"A3/20 Vĩnh Lộc, P. Vĩnh Lộc A",696,1087275,2,0.0,0,0,0,0,5,0,10.8060164,106.566846
/ho-chi-minh/vy-vy-com-tam-com-trua-binh-dan/binh-luan,VY VY - CƠM TẤM & CƠM TRƯA BÌNH DÂN,"F5/9B Liên Ấp 2-6, Xã Vĩnh Lộc A",696,1078638,2,0.0,0,0,0,0,18,0,10.818242,106.567686
/ho-chi-minh/ca-vien-chien-pon-pon-ca-vien-chien-vinh-loc/binh-luan,Cá Viên Chiên Pon Pon - Cá Viên Chiên - Vĩnh Lộc,"Đối diện 1740 Vĩnh Lộc, P. Vĩnh Lộc B",696,1000037703,2,0.0,0,0,0,0,5,0,10.8059904082008,106.5671343072786
/ho-chi-minh/hu-tieu-binh-dan-tran-dai-nghia/binh-luan,Hủ Tiếu Bình Dân - Trần Đại Nghĩa,B19/402 Trần Đại Nghĩa,696,766752,2,0.0,0,1,0,1,26,0,10.733626201329,106.5631791204213
/ho-chi-minh/chao-dinh-duong-nu-dan-cong/binh-luan,Cháo Dinh Dưỡng - Nữ Dân Công,"C2/13B Nữ Dân Công, Xã Vĩnh Lộc A",696,976628,2,0.0,1,0,0,0,50,0,10.831914,106.568829
/ho-chi-minh/tra-sua-twin-tra-sua-tra-trai-cay-duong-so-5-khu-dan-cu-phong-phu-4.0gep4t/binh-luan,Trà Sữa Twin - Trà Sữa & Trà Trái Cây - Đường số 5 Khu Dân Cư Phong Phú 4,"Nhà 11, Đường Số 5 Khu Dân Cư Phong Phú 4, X. Phong Phú",696,1000048932,2,0.0,0,0,0,0,26,0,10.6929203,106.6468302
/ho-chi-minh/thanh-kiem-hai-san-lau/binh-luan,Thanh Kiếm - Hải Sản & Lẩu,"F6/31G Quách Điêu, X. Vĩnh Lộc A",696,780006,2,0.0,1,1,0,0,133,0,10.8241344,106.5741793
/ho-chi-minh/a-p-coffee-tea-diem-tam-sang/binh-luan,"A.P - Coffee, Tea & Điểm Tâm Sáng","B15/30A Quốc Lộ 50, Xã Bình Hưng",696,1040920,2,0.0,0,0,0,0,28,0,10.717951,106.655721
/ho-chi-minh/bun-dau-diep-jp-duong-so-1/binh-luan,Bún Đậu Diệp JP - Đường Số 1,"98 Đường Số 1A, KDC Trung Sơn",696,132493,2,0.0,0,4,0,1,955,2,10.734658,106.693439
/ho-chi-minh/yeh-s-food-pham-hung/binh-luan,YEH'S FOOD - Phạm Hùng,"61/53 Phạm Hùng, Xã Bình Hưng",696,1084393,2,0.0,0,0,0,0,17,0,10.7336952289925,106.6755210335684
/ho-chi-minh/sushi-do-an-vat-chay-tra-hoa-qua-pham-hung/binh-luan,Sushi Đồ Ăn Vặt Chay & Trà Hoa Quả - Phạm Hùng,"C4/16R Phạm Hùng, Xã Bình Hưng",696,1000022584,2,0.0,0,0,0,0,34,0,10.7298696,106.67291
/ho-chi-minh/hien-ky-mi-gia/binh-luan,Hiền Ký Mì Gia,"245 Đường Số 9A, KDC Trung Sơn, Xã Bình Hưng",696,739313,2,2.6,0,0,2,2,184,0,10.732504,106.689701
/ho-chi-minh/banh-canh-ghe-binh-chanh-banh-canh-ghe-duong-so-1.pkfh7u/binh-luan,Bánh Canh Ghẹ Bình Chánh - Bánh Canh Ghẹ - Đường Số 1,"A10/27W Đường Số 1, X. Bình Hưng",696,1000049003,2,0.0,0,0,0,0,3,0,10.7261016,106.6544965
/ho-chi-minh/tiem-mahimaki-an-vat-duong-so-2.cjqust/binh-luan,Tiệm MahiMaki - Ăn Vặt - Đường Số 2,"Căn Lk6-15, Khu Dân Cư Valora Mizuki Park Đường Số 2, X. Bình Hưng",696,1000048944,2,0.0,0,0,0,0,4,0,10.7177823,106.6621164
/ho-chi-minh/cafe-142-144-cafe-diem-tam-sang-duong-so-7.de9v82/binh-luan,Cafe 142-144 - Cafe & Điểm Tâm Sáng - Đường Số 7,"142-144 Đường Số 7, X. Bình Hưng",696,1000047634,2,0.0,0,0,0,0,3,0,10.734987,106.6900698
/ho-chi-minh/banh-trang-tron-co-thuy-banh-trang-tron-banh-trang-chien-duong-lien-to-5-8.dlzjzc/binh-luan,Bánh Tráng Trộn Cô Thùy - Bánh Tráng Trộn & Bánh Tráng Chiên - Đường Liên Tổ 5-8,"B5/14K, Ấp 2, Đường Liên Tổ 5-8, X. Tân Kiên",696,1000047621,2,0.0,0,0,0,0,7,0,10.663077,106.5672504
/ho-chi-minh/khong-gian-xanh-thuc-uong-quoc-lo-1a.ibuvle/binh-luan,Không Gian Xanh - Thức Uống - Quốc Lộ 1A,"C12/26C Quốc lộ 1A, P. Tân Kiên",696,1000047428,2,0.0,0,0,0,0,31,0,10.6835711,106.5912797
/ho-chi-minh/tra-sua-3q-tra-sua-tran-chau-duong-den-tra-trai-cay-c4-pham-hung.fftuak/binh-luan,Trà Sữa 3Q - Trà Sữa Trân Châu Đường Đen & Trà Trái Cây - C4 Phạm Hùng,"C4 Phạm Hùng, X. Bình Hưng",696,1000047167,2,0.0,0,0,0,0,24,0,10.728682,106.6718238
/ho-chi-minh/mi-thu-mi-hai-san-shop-online.xnivtu/binh-luan,Mì Thư - Mì Hải Sản - Shop Online,"111 Đường Số 5, X. Bình Hưng",696,1000046913,2,0.0,0,1,0,0,25,0,10.7349283,106.691274
/ho-chi-minh/wayne-s-coffee-terra-nguyen-van-linh/binh-luan,Wayne's Coffee Terra - Nguyễn Văn Linh,"CC Terra Rosa, Block B4, Đường Số 7, KDC Intexco 13E, Nguyễn Văn Linh, P. Phong Phú",696,1104455,2,0.0,0,0,0,0,26,0,10.7058811,106.6442373
/ho-chi-minh/bun-bo-hue-bun-thai-quoc-lo-50/binh-luan,Bún Bò Huế & Bún Thái - Quốc Lộ 50,"A10/3 Quốc Lộ 50, X. Bình Hưng",696,794512,2,7.2,5,0,1,0,98,0,10.7305502,106.6561823
/ho-chi-minh/hi-tea-tra-sua-delivery/binh-luan,Hi Tea - Trà Sữa Delivery,"P8 - 16 Đường Số 4, KDC 6B Intresco",696,197351,2,0.0,4,3,0,2,471,1,10.719772,106.68522
/ho-chi-minh/quan-lim-pho-bun-dau-mam-tom/binh-luan,Quán Lim - Phở & Bún Đậu Mắm Tôm,"146 Đường Số 1, KDC Trung Sơn",696,756746,2,0.0,8,4,0,1,443,2,10.7326083,106.6912093
/ho-chi-minh/loi-xua-cafe-duong-so-1b/binh-luan,Lối Xưa Cafe,"27 - 29 Đường Số  1B, KDC Trung Sơn",696,316998,2,7.8,4,0,1,1,337,1,10.737672,106.69303
/ho-chi-minh/unnie-mon-an-han-quoc/binh-luan,Unnie - Món Ăn Hàn Quốc,"110 Đường Số 13, KDC Bình Hưng, X. Bình Hưng",696,1046228,2,7.8,5,0,1,1,109,1,10.7306253376436,106.6530099228475
/ho-chi-minh/ahihi-tra-sua-an-vat-huynh-van-tri/binh-luan,Ahihi - Trà Sữa & Ăn Vặt - Huỳnh Văn Trí,Huỳnh Văn Trí,696,774869,2,7.8,10,0,1,0,115,1,10.662701,106.576631
/ho-chi-minh/tan-an-lo-banh-mi-dac-ruot/binh-luan,Tấn An - Lò Bánh Mì Đặc Ruột,"A11/4 Quốc Lộ 50, Xã Bình Hưng",696,715212,2,7.0,9,2,1,2,93,0,10.7266739,106.6557643
/ho-chi-minh/com-ga-hoi-an-pham-hung/binh-luan,Cơm Gà Hội An - Phạm Hùng,"C4/9B Phạm Hùng, Xã Bình Hưng",696,646840,2,7.0,9,0,1,2,248,0,10.7315375,106.6748218
/ho-chi-minh/vinh-loc-quan-lau-dac-san-dong-que/binh-luan,Vĩnh Lộc Quán - Lẩu & Đặc Sản Đồng Quê,"52 Hương Lộ 80, Xã Vĩnh Lộc A",696,679740,2,0.0,63,4,0,2,425,4,10.818592,106.585223
/ho-chi-minh/lau-de-sos-binh-hung/binh-luan,Lẩu Dê SOS - Bình Hưng,"45 Đường Số 10, Xã Bình Hưng",696,184089,2,0.0,15,2,0,2,248,1,10.727004657956,106.650659032166
/ho-chi-minh/hoang-nha-coffee-tea-tran-van-giau/binh-luan,Hoàng Nha Coffee & Tea - Trần Văn Giàu,"1A43 Trần Văn Giàu, Ấp 1, X. Phạm Văn Hai",696,1103904,2,0.0,0,0,0,0,7,0,10.7645317,106.5650925
/ho-chi-minh/hoa-phuong-do-tra-sua-nha-lam/binh-luan,Hoa Phượng Đỏ - Trà Sữa Nhà Làm,"F3/16 Liên Ấp 2 - 6, Ấp Vĩnh Lộc A",696,781823,2,0.0,1,0,0,0,34,0,10.818140635203,106.5683202445507
/ho-chi-minh/khang-tra-sua-dai-loan-bap-rim-kho-bo/binh-luan,Khang - Trà Sữa Đài Loan & Bắp Rim Khô Bò,"F7/20A Đường Số 6B, Xã Vĩnh Lộc B",696,887917,2,0.0,2,0,0,0,42,0,10.8007788,106.5673438
/ho-chi-minh/lap-xuong-tuoi-nu-dan-cong/binh-luan,Lạp Xưởng Tươi - Nữ Dân Công,"C3/10TR Nữ Dân Công, X. Vĩnh Lộc A",696,1090071,2,0.0,0,0,0,0,4,0,10.831088,106.569121
/ho-chi-minh/bep-nha-chang-food-homemade-nu-dan-cong/binh-luan,Bếp Nhà Chang - Food Homemade - Nữ Dân Công,"C2/10 Ấp 5 Nữ Dân Công, P. Vĩnh Lộc A",696,1000029295,2,0.0,0,0,0,0,27,0,10.8316964,106.5692069
/ho-chi-minh/nha-bo-sua-hat-sua-gao/binh-luan,Nhà Bơ - Sữa Hạt & Sữa Gạo,"E2/15F, Ấp 5, X. Vĩnh Lộc A",696,1109950,2,0.0,0,0,0,0,4,0,10.8633750968658,106.5710490264335
/ho-chi-minh/banh-trang-gao-que-toi-shop-online/binh-luan,Bánh Tráng Gạo Quê Tôi - Shop Online,"D12 Lê Thị Dung, Xã Vĩnh Lộc A",696,942211,2,0.0,2,0,0,0,23,0,10.839999,106.569768
/ho-chi-minh/phuong-chau-ga-ta-quang-ngai/binh-luan,Phương Châu - Gà Ta Quảng Ngãi,1789 Vĩnh Lộc,696,774461,2,0.0,1,0,0,0,32,0,10.8065821157052,106.5683207331699
/ho-chi-minh/bao-tran-milk-tea/binh-luan,Bảo Trân Milk Tea,"F6/5C Lại Hùng Cường, Xã Vĩnh Lộc B",696,886593,2,0.0,15,0,0,0,40,0,10.796862,106.567789
/ho-chi-minh/thien-duy-com-tam-com-van-phong/binh-luan,Thiên Duy - Cơm Tấm & Cơm Văn Phòng,"E2/54 Quốc Lộ 50, Xã Phong Phú",696,1048237,2,0.0,0,0,0,0,27,0,10.709195,106.655494
/ho-chi-minh/com-ga-phong-ky-2-com-ga-ngon-binh-chanh-doan-nguyen-tuan.hkfgjt/binh-luan,CƠM GÀ PHONG KÝ 2 - Cơm Gà Ngon Bình Chánh - Đoàn Nguyễn Tuấn,"A1/17  Đoàn Nguyễn Tuấn, P. Tân Quý Tây",696,1000036093,2,0.0,0,0,0,0,26,0,10.6723903,106.5834629
/ho-chi-minh/tra-sua-dau-dau-84-pham-hung/binh-luan,Trà Sữa Đậu Đậu - 84 Phạm Hùng,"84 Phạm Hùng, X. Bình Hưng",696,1077964,2,0.0,0,0,0,0,29,0,10.7308402,106.6755448
/ho-chi-minh/bun-bo-hue-pham-hung/binh-luan,Bún Bò Huế - Phạm Hùng,A27 Phạm Hùng,696,156362,2,7.0,7,0,1,1,409,1,10.73747,106.670673
/ho-chi-minh/com-tam-bun-thit-nuong-quan-an-binh-dan/binh-luan,Cơm Tấm & Bún Thịt Nướng - Quán Ăn Bình Dân,"Hẻm C6 Phạm Hùng, Ấp 4A",696,295328,2,7.6,9,0,1,1,168,1,10.732906,106.674176
/ho-chi-minh/che-thanh-thao/binh-luan,Chè Thanh Thảo,"B4/34B Võ Văn Vân, Ấp Vĩnh Lộc B",696,773824,2,0.0,2,1,0,0,91,1,10.791072,106.576241
/ho-chi-minh/quan-thuy-duong/binh-luan,Quán Thùy Dương,"B12/25/6T Đường Liên Ấp 1-2-3, Ấp 2, X. Vĩnh Lộc B",696,1076865,2,0.0,0,0,0,0,7,0,10.7928117,106.5803902
/ho-chi-minh/vit-nuong-la-mac-mat-pham-hung/binh-luan,Vịt Nướng Lá Mắc Mật - Phạm Hùng,"4 Phạm Hùng, X. Bình Hưng",696,788468,2,0.0,1,0,0,0,69,0,10.7344378,106.6722453
/ho-chi-minh/chan-ga-sa-tac-ma-hong/binh-luan,Chân Gà Sả Tắc Má Hồng,"E10/293E Ấp 5, P. Phong Phú",696,1066247,2,0.0,0,0,0,0,31,0,10.706641,106.655212
/ho-chi-minh/an-vat-mlem-mlem-tra-sua-ca-phe-pham-hung.4srpof/binh-luan,Ăn Vặt Mlem Mlem - Trà Sữa & Cà Phê - Phạm Hùng,"C5/15B Phạm Hùng, X. Bình Hưng",696,1000046559,2,0.0,0,0,0,0,22,0,10.7347933,106.6729427
/ho-chi-minh/ga-quay-168-thoi-hoa/binh-luan,Gà Quay 168 - Thới Hoà,"E12/29P Thới Hoà, xã Vĩnh Lộc A",696,1125953,2,0.0,0,0,0,0,6,0,10.831328,106.57115
/ho-chi-minh/quan-banh-khot-banh-xeo-banh-xeo-bu-ap-4.rbveze/binh-luan,Quán Bánh Khọt Bánh Xèo - Bánh Xèo Bự - Ấp 4,"D8/258/1 Ấp 4, X. Bình Chánh",696,1000046483,2,0.0,0,0,0,0,2,0,10.6719998,106.6398278
/ho-chi-minh/yuri-quan-do-an-homemade-com-hung-nhon.pqme2y/binh-luan,Yuri Quán Đồ Ăn Homemade - Cơm - Hưng Nhơn,"C5/14 Hưng Nhơn, X. Tân Kiên",696,1000046396,2,0.0,0,0,0,0,7,0,10.7138314,106.5921966
/ho-chi-minh/mi-cay-minh-tien-mi-cay-quach-dieu.ycf6bp/binh-luan,Mì Cay Minh Tiến - Mì Cay - Quách Điêu,"F12/2D Quách Điêu, X. Vĩnh Lộc A",696,1000045979,2,0.0,0,0,0,0,3,0,10.8160182,106.5769962
/ho-chi-minh/hu-tieu-nam-vang-hong-phat-ii-pham-hung/binh-luan,Hủ Tiếu Nam Vang Hồng Phát II - Phạm Hùng,"C3/9 Phạm Hùng, X. Bình Hưng",696,1000045996,2,0.0,0,0,0,0,32,0,10.733056,106.6740228
/ho-chi-minh/an-vat-co-bep-banh-trang-muoi-nhuyen.r1r2qt/binh-luan,Ăn Vặt Cô Bếp - Bánh Tráng Muối Nhuyễn,"D13/35 Phạm Văn Sáng, X. Vĩnh Lộc A",696,1000045842,2,0.0,0,0,0,0,3,0,10.8341566,106.5728174
/ho-chi-minh/quan-com-chay-thanh-tinh-com-nguyen-van-linh.tmtigp/binh-luan,Quán Cơm Chay Thanh Tịnh - Cơm - Nguyễn Văn Linh,"C13/A12 Nguyễn Văn Linh, X. Bình Hưng",696,1000045644,2,0.0,0,0,0,0,9,0,10.7215501,106.6989681
/ho-chi-minh/bun-ca-banh-canh-chau-doc-van-bun-ca-duong-so-1/binh-luan,Bún Cá Bánh Canh Châu Đốc Vân - Bún Cá - Đường Số 1,"147 Đường Số 1, KDC Bình Hưng",696,1000026170,2,0.0,0,0,0,0,33,0,10.7292827,106.6542506
/ho-chi-minh/chan-ga-sa-tac-tuong-vi-vo-van-van.zro7nk/binh-luan,Chân Gà Sả Tắc Tường Vi - Võ Văn Vân,"Tổ 8-9 D20/19z15 Võ Văn Vân, X. Vĩnh Lộc B",696,1000039335,2,0.0,0,0,0,0,28,0,10.8089556,106.5784761
/ho-chi-minh/banh-mi-cha-ca-phuong-anh-banh-mi-cha-ca-vinh-loc/binh-luan,Bánh Mì Chả Cá Phương Anh - Bánh Mì Chả Cá - Vĩnh Lộc,"D19/23 Tổ 4 Ấp 4A, Vĩnh Lộc, X. Vĩnh Lộc B",696,1000036088,2,0.0,0,0,0,0,23,0,10.8112265,106.5769293
/ho-chi-minh/chan-ga-sa-tac-xi-trum-quoc-lo-50/binh-luan,Chân Gà Sả Tắc Xì Trum - Quốc Lộ 50,"A13/399S Quốc Lộ 50, Xã Phong Phú",696,686711,2,0.0,19,4,0,1,439,2,10.687098,106.654276
/ho-chi-minh/huong-quan-com-tam-217-duong-so-9a/binh-luan,Hương Quán - Cơm Tấm - 217 Đường Số 9A,"217 Đường Số 9A, KDC Trung Sơn, X. Bình Hưng",696,734991,2,0.0,0,3,0,1,438,0,10.733207,106.689679
/ho-chi-minh/lau-de-hai-tiem/binh-luan,Lẩu Dê Hai Tiếm,B11/2A Đoàn Nguyễn Tuấn,696,670917,2,1.0,1,0,1,0,409,1,10.640829,106.641956
/ho-chi-minh/ga-bo-xoi-vien/binh-luan,Gà Bó Xôi Viên,"C4/34 Phạm Hùng, Xã Bình Hưng",696,672754,2,7.0,4,0,1,1,383,1,10.730457,106.675759
/ho-chi-minh/quan-ngoc-bun-bo-hu-tieu/binh-luan,Quán Ngọc - Bún Bò & Hủ Tiếu,C3/4N2 Phạm Hùng,696,659869,2,7.8,11,0,1,0,90,0,10.7350159790181,106.6724932193756
/ho-chi-minh/mi-cay-tra-sua-an-vat/binh-luan,"Mì Cay, Trà Sữa & Ăn Vặt",216B/7 An Phú Tây,696,646293,2,0.0,8,3,0,2,202,1,10.680602,106.613003
/ho-chi-minh/quan-an-hung-xiu-hu-tiu-xao-com-ga-xoi-mo/binh-luan,Quán Ăn Hùng Xíu - Hủ Tíu Xào & Cơm Gà Xối Mỡ,"A26/4 Quốc Lộ 50, Xã Bình Hưng",696,717595,2,0.0,4,5,0,2,171,1,10.7294753,106.6563842
/ho-chi-minh/sinh-to/binh-luan,Sinh Tố,"C4/17 Phạm Hùng, X. Bình Hưng",696,734966,2,0.0,3,2,0,2,89,0,10.730545,106.675768
/ho-chi-minh/comeat-com-van-phong-shop-online/binh-luan,Comeat - Cơm Văn Phòng - Shop Online,"11 Đường Số 4A, Xã Bình Hưng",696,951490,2,0.0,3,6,0,2,105,0,10.737977,106.692047
/ho-chi-minh/banh-pia-soc-trang-a11-11a-quoc-lo-50/binh-luan,Bánh Pía Sóc Trăng,"A11/11A Quốc Lộ 50, X. Hưng Bình",696,696937,2,0.0,0,2,0,2,70,0,10.725563,106.655899
/ho-chi-minh/hien-com-binh-dan/binh-luan,Hiền - Cơm Bình Dân,"55 Đường Số 9A, KDC Trung Sơn, X. Bình Hưng",696,735005,2,0.0,0,2,0,2,77,0,10.737834,106.689755
/ho-chi-minh/pho-ga-o-kia-duong-so-9a/binh-luan,Phở Gà Ơ Kìa - Đường Số 9A,"97 Đường Số 9A, KDC Trung Sơn, P. Bình Hưng",696,948115,2,0.0,0,8,0,2,153,0,10.736746,106.689808
/ho-chi-minh/noona-tra-sua-tran-chau-duong-den/binh-luan,Noona - Trà Sữa Trân Châu Đường Đen,"B502 Khu Dân Cư Happy, Nguyễn Văn Linh, Xã Bình Hưng",696,749036,2,0.0,0,3,0,2,87,0,10.713302,106.650641
/ho-chi-minh/bean-tea-s-tra-sua-an-vat-lai-hung-cuong/binh-luan,Bean Tea’S Trà Sữa & Ăn Vặt - Lại Hùng Cường,"25 Lại Hùng Cường, X. Vĩnh Lộc B",696,1115926,2,0.0,0,0,0,0,32,0,10.7970717,106.5681387
/ho-chi-minh/tra-chanh-zalo-quan/binh-luan,Trà Chanh Zalo Quán,"F1/13G ĐH80, Xã Vĩnh Lộc A",696,314615,2,0.0,69,0,0,0,95,2,10.808596,106.568835
/ho-chi-minh/tra-sua-dong-chai-phuong-lan-tran-van-giau/binh-luan,Trà Sữa Đóng Chai Phương Lan - Trần Văn Giàu,"1A10/1 Trần Văn Giàu, X. Phạm Văn Hai",696,1091459,2,0.0,0,0,0,0,20,0,10.76368,106.56633
/ho-chi-minh/o-loc-quan-banh-hue/binh-luan,O Lộc - Quán Bánh Huế,"A2/12 Đường Liên Ấp 123, Ấp 1 Vĩnh Lộc A",696,1053276,2,0.0,0,0,0,0,22,0,10.808514,106.568923
/ho-chi-minh/minh-quy-vit-quay-heo-quay-lien-ap-2-6/binh-luan,Minh Quý - Vịt Quay & Heo Quay - Liên Ấp 2 - 6,"F4/4C Liên ấp 2-6, X. Vĩnh Lộc A",696,1112537,2,0.0,0,0,0,0,23,0,10.8183708,106.5695461
/ho-chi-minh/thao-nguyen-xanh-cafe-dan-cong-hoa-tuyen/binh-luan,Thảo Nguyên Xanh Cafe - Dân Công Hỏa Tuyến,D13/40A Dân Công Hỏa Tuyến,696,808415,2,0.0,0,0,0,0,10,0,10.83269,106.57041
/ho-chi-minh/tra-sua-te-amo-vinh-loc/binh-luan,Trà Sữa Te Amo - Vĩnh Lộc,"1826 Vĩnh Lộc, X. Vĩnh Lộc B",696,1074452,2,0.0,0,0,0,0,85,0,10.8069865,106.5689726
/ho-chi-minh/banh-mi-ha-noi-quach-dieu/binh-luan,Bánh Mì Hà Nội - Quách Điêu,"12/29G Quách Điêu, X. Vĩnh Lộc A",696,1063237,2,0.0,0,0,0,0,34,0,10.831857,106.570526
/ho-chi-minh/tu-map-quan-com-binh-dan/binh-luan,Tư Mập - Quán Cơm Bình Dân,C2/5 Quách Điêu,696,781230,2,0.0,1,0,0,0,20,0,10.8316560549178,106.5705693713336
/ho-chi-minh/sinh-to-trung-son/binh-luan,Sinh Tố Trung Sơn,"16C Đường Số 8, Xã Bình Hưng",696,945859,2,0.0,0,1,0,1,157,0,10.7358731,106.6888396
/ho-chi-minh/banh-mi-sai-gon-banh-mi-chao/binh-luan,Bánh Mì Sài Gòn - Bánh Mì Chảo,"D9/4 Ấp 4, Thị Trấn Tân Túc",696,1067411,2,0.0,0,0,0,0,41,0,10.691135,106.586017
/ho-chi-minh/trung-nguyen-e-coffee-kdc-trung-son/binh-luan,Trung Nguyên E-Coffee - KDC Trung Sơn,"71-73 Đường Số 8, KDC Trung Sơn, Xã Bình Hưng",696,1061637,2,0.0,0,0,0,0,31,0,10.7356287713652,106.6915711554446
/ho-chi-minh/ga-nuong-vit-nuong-sen-ky-cho-tam/binh-luan,Gà Nướng & Vịt Nướng Sen Ký - Chợ Tạm,"Chợ Tạm, Phạm Hùng, Xã Bình Hưng",696,1055477,2,0.0,0,0,0,0,20,0,10.731537,106.674834
/ho-chi-minh/com-chay-dieu-hanh-nguyen-thi-tu/binh-luan,Cơm Chay Diệu Hạnh - Nguyễn Thị Tú,"D3/14 Nguyễn Thị Tú, X. Vĩnh Lộc B",696,1114353,2,0.0,0,0,0,0,31,0,10.8143719,106.5821831
/ho-chi-minh/vu-kim-hai-san-binh-dan/binh-luan,Vũ Kim - Hải Sản Bình Dân,"C5/18 Phạm Hùng, Xã Bình Hưng",696,877857,2,6.4,9,1,2,1,76,0,10.7349096039748,106.6733882419028
/ho-chi-minh/thang-loi-chao-ga/binh-luan,Thắng Lợi - Cháo Gà,C3/15 Phạm Hùng,696,630876,2,6.0,2,0,2,0,367,1,10.732949,106.674042
/ho-chi-minh/rampot-the-gioi-am-thuc-ngon-bo-re/binh-luan,Rampot - Thế Giới Ẩm Thực Ngon Bổ Rẻ,"Kiot 1 No71 FoodMarket, C3/6 Phạm Hùng",696,738969,2,5.7,12,0,2,1,197,0,10.7338489,106.6730998
/ho-chi-minh/may-may-tra-sua-nha-lam-lien-to-5-8.9phrgx/binh-luan,MAY MAY - Trà Sữa Nhà Làm - Liên Tổ 5-8,"B7/24A Ấp 2 Liên Tổ 5-8, X. Tân Kiên",696,1000035924,2,0.0,0,0,0,0,6,0,10.7190786,106.5952326
/ho-chi-minh/quan-mi-quang-thanh-thanh-tai-duong-so-1/binh-luan,Quán Mì Quảng Thanh Thành Tài - Đường Số 1,"134 Đường Số 1, Khu Dân Cư Bình Hưng, X. Bình Hưng",696,1116851,2,0.0,0,0,0,0,11,0,10.7290975,106.6543542
/ho-chi-minh/mon-hue-o-may-cha-hue-vo-van-van/binh-luan,Món Huế O Mây - Chả Huế - Võ Văn Vân,"C2A/2h Võ Văn Vân Tổ 6 Ấp 3, Xã Vĩnh Lộc B",696,1087280,2,0.0,0,0,0,0,9,0,10.794087,106.5788597
/ho-chi-minh/bo-bit-tet-a-vu-khu-dan-cu-binh-hung/binh-luan,Bò Bít Tết A Vũ - Khu Dân Cư Bình Hưng,"33 Đường Số 1 Khu Dân Cư Bình Hưng, X. Bình Hưng",696,1115464,2,0.0,0,0,0,0,28,0,10.725181,106.6540223
/ho-chi-minh/ut-lien-hu-tieu-kho-banh-canh-bot-gao/binh-luan,Út Liên - Hủ Tiếu Khô & Bánh Canh Bột Gạo,"A22 Quốc Lộ 50 Ấp 1A, Xã Bình Hưng",696,1124226,2,0.0,0,0,0,0,24,0,10.7247358,106.65587
/ho-chi-minh/banh-canh-ghe-mai-long/binh-luan,Bánh Canh Ghẹ Mai Long,"E1/1 Thới Hòa, X. Vĩnh Lộc A",696,1076308,2,0.0,0,0,0,0,21,0,10.8315037,106.5710321
/ho-chi-minh/na-home-cake-banh-tra-trai-cay-pham-hung.1c5y2o/binh-luan,Na Home Cake - Bánh & Trà Trái Cây - Phạm Hùng,"C7/21AB Ấp 4A Phạm Hùng, X. Bình Hưng",696,1000033227,2,0.0,0,0,0,0,25,0,10.7313322,106.6753137
/ho-chi-minh/kn-foods-thi-t-bo-tra-i-cay-nha-p-kha-u-duong-so-1a-shop-online.lpmp6x/binh-luan,KN FOODS - Thịt Bò & Trái Cây Nhập Khẩu - Đường Số 1A - Shop Online,"31 Đường Số 1A Khu Dân Cư Gia Hòa Ấp 5 Quốc Lộ 50, X. Phong Phú",696,1000045590,2,0.0,0,0,0,0,4,0,10.7066539,106.654104
/ho-chi-minh/banh-khot-banh-xeo-ap-4/binh-luan,Bánh Khọt Bánh Xèo - Ấp 4,"D8/258/3 Ấp 4, Xã Bình Chánh",696,1000045499,2,0.0,0,0,0,0,20,0,10.676036,106.638789
/ho-chi-minh/banh-bao-xa-xiu-trung-muoi-ut-lien-quoc-lo-50/binh-luan,Bánh Bao Xá Xíu & Trứng Muối Út Liên - Quốc Lộ 50,"A22 Quốc Lộ 50, ẤP 1A, X. Bình Hưng",696,1124197,2,0.0,0,0,0,0,28,0,10.724842786657,106.6558947904114
/ho-chi-minh/tam-an-bakery-banh-kem/binh-luan,Tâm An Bakery - Bánh Kem,"E11/25 Thới Hoà, Ấp 5, X. Vĩnh Lộc A",696,1124235,2,0.0,0,0,0,0,35,0,10.8295229,106.5791523
/ho-chi-minh/quan-goc-pho-com-ga-luoc-heo-quay-xa-xiu/binh-luan,Quán Góc Phố - Cơm Gà Luộc & Heo Quay Xá Xíu,"85 Đường Số 1, X. Bình Hưng",696,1124220,2,0.0,0,0,0,0,12,0,10.7208282271559,106.6622563396721
/ho-chi-minh/pho-sang-pho-tai-pho-gan/binh-luan,Phở Sang - Phở Tái & Phở Gân,"77 Đường Số 1, X. Bình Hưng",696,1124218,2,0.0,0,0,0,0,28,0,10.7207333530419,106.6622563396721
/ho-chi-minh/da-cofee-sinh-to-da-xay-tra-trai-cay-huong-lo-80/binh-luan,Đá Cofee - Sinh Tố Đá Xay & Trà Trái Cây - Hương Lộ 80,"2426 Hương lộ 80, Ấp 4, Xã Vĩnh Lộc B",696,1123634,2,0.0,0,0,0,0,7,0,10.814981,106.581213
/ho-chi-minh/anh-map-ga-nuong-gio-heo-nuong-binh-chanh.taaal2/binh-luan,Anh Mập - Gà Nướng & Giò Heo Nướng - Bình Chánh,"HQC Plaza, Lô CC1, Khu 2 Nguyễn Văn Linh, X. An Phú Tây",696,1000045386,2,0.0,0,0,0,0,26,0,10.6941999,106.6065651
/ho-chi-minh/hu-tieu-chay-sa-dec-pham-hung/binh-luan,Hủ Tiếu Chay Sa Đéc - Phạm Hùng,"C6/27 Phạm Hùng, X. Bình Hưng",696,221147,2,7.0,10,0,1,0,197,0,10.733255,106.673881
/ho-chi-minh/hau-can-gio-8k-tan-liem/binh-luan,Hàu Cần Giờ 8k - Tân Liêm,"B2/58, Ấp 2, Tân Liêm, Xã Phong Phú",696,1112429,2,0.0,0,0,0,0,33,0,10.6899148,106.6497457
/ho-chi-minh/ca-kho-tom-kho-banh-phong-tom-dac-san-bac-lieu-shop-online/binh-luan,"Cá Khô, Tôm Khô & Bánh Phồng Tôm - Đặc Sản Bạc Liêu - Shop Online","C44 Phạm Hùng, Xã Bình Hưng",696,317212,2,0.0,9,0,0,0,318,1,10.7205851,106.6828693
/ho-chi-minh/tiem-banh-pho-duong-so-8/binh-luan,Tiệm Bánh Phố - Đường Số 8,"17 Đường Số 8, KDC. Trung Sơn, X. Bình Hưng",696,1125268,2,0.0,0,0,0,0,3,0,10.7344570491879,106.6906743712832
/ho-chi-minh/com-ga-xoi-mo-duong-so-5/binh-luan,Cơm Gà Xối Mỡ - Đường Số 5,67 Đường Số 5,696,716702,2,7.6,15,0,1,0,161,1,10.7362660817189,106.6912180557847
/ho-chi-minh/tocotoco-bubble-tea-satra-pham-hung/binh-luan,TocoToco Bubble Tea - Satra Phạm Hùng,"Siêu Thị Satra Phạm Hùng, C6/27 Phạm Hùng, P. Bình Hưng",696,1043301,2,7.6,1,0,1,1,177,0,10.7337534,106.6744831
/ho-chi-minh/quan-999-com-tam-hu-tieu-nam-vang-lau-xi-quach/binh-luan,"Quán 999 - Cơm Tấm, Hủ Tiếu Nam Vang & Lẩu Xí Quách","C4/19 Phạm Hùng, Ấp 4, Xã Bình Hưng",696,721985,2,7.6,12,0,1,0,109,0,10.7300935876078,106.6759304702282
/ho-chi-minh/ga-ta-tam-ky-quach-dieu/binh-luan,Gà Ta Tam Ký - Quách Điêu,"Ngã 3 Thới Hoà - Quách Điêu, X. Vĩnh Lộc A",696,1063240,2,0.0,0,0,0,0,19,0,10.831313,106.570813
/ho-chi-minh/ba-duy-pho-bun-bo-hue/binh-luan,Ba Duy - Phở & Bún Bò Huế,"E12/V3 Quách Điêu, X. Vĩnh Lộc A",696,781243,2,0.0,1,0,0,0,38,0,10.8303212,106.5712283
/ho-chi-minh/minh-phuc-banh-canh-ca-loc/binh-luan,Minh Phúc - Bánh Canh Cá Lóc,E4/10A Thới Hòa,696,781208,2,0.0,6,0,0,0,42,0,10.8312916699122,106.5712844791786
/ho-chi-minh/ngoc-com-tam-binh-dan/binh-luan,Ngọc - Cơm Tấm Bình Dân,E11/9M Thới Hòa,696,781205,2,0.0,1,0,0,0,22,0,10.8312902482618,106.5713285549274
/ho-chi-minh/com-ga-quach-dieu/binh-luan,Cơm Gà Quách Điêu,E1/43C Thới Hòa,696,242111,2,0.0,0,0,0,0,53,1,10.831005,106.571337
/ho-chi-minh/ngo-c-a-nh-vi-t-nuo-ng-tra-n-van-gia-u.onjad8/binh-luan,Ngọc Ánh - Vịt Nướng - Trần Văn Giàu,"G2/12B Trần Văn Giàu, P. Lê Minh Xuân",696,1000026595,2,0.0,0,0,0,0,37,0,10.7626356,106.5674636
/ho-chi-minh/my-kim-bun-rieu-oc-canh-bun-oc-quach-dieu.vqngk7/binh-luan,Mỹ Kim - Bún Riêu Ốc & Canh Bún Ốc - Quách Điêu,"D11/52B Quách Điêu, X. Vĩnh Lộc A",696,1000040514,2,0.0,0,0,0,0,18,0,10.8301655,106.5712981
/ho-chi-minh/chao-dinh-duong-panda-thoi-hoa/binh-luan,Cháo Dinh Dưỡng Panda - Thới Hòa,E5/16 Thới Hòa,696,781211,2,0.0,1,0,0,0,47,0,10.8312867689911,106.5713778224787
/ho-chi-minh/com-chay-tien-vua-shop-online/binh-luan,Cơm Cháy Chà Bông Tiến Vua - Shop Online,"KDC Bình Hưng, 6 Đường Số 9",696,872157,2,0.0,3,2,0,0,313,0,10.7273770704069,106.6538134111338
/ho-chi-minh/com-tam-79-vo-van-van/binh-luan,Cơm Tấm 79 - Võ Văn Vân,A2/2K Võ Văn Vân,696,781717,2,7.4,1,0,1,1,113,1,10.7912279269972,106.5723676979541
/ho-chi-minh/tien-phat-hu-tieu-nam-vang-duong-so-9a/binh-luan,Tiến Phát - Hủ Tiếu Nam Vang - Đường Số 9A,"120 Đường Số 9A, KDC Trung Sơn, Xã Bình Hưng",696,991092,2,7.2,1,2,1,1,184,1,10.736391,106.689721
/ho-chi-minh/sunrise-kebab-c5-2-pham-hung/binh-luan,Sunrise Kebab - C5/2 Phạm Hùng,"C5/2 Phạm Hùng, Xã Bình Hưng",696,1068793,2,0.0,0,0,0,0,15,0,10.734745,106.6730334
/ho-chi-minh/com-ga-xoi-mo-trang/binh-luan,Cơm Gà Xối Mỡ Trang,"C16/6 Ấp 4B, Xã Bình Hưng",696,1054869,2,0.0,0,0,0,0,24,0,10.739145,106.686009
/ho-chi-minh/nha-tina-banh-canh-hoanh-thanh-sup-cua-chung-cu-mizuki-park/binh-luan,Nhà Tina - Bánh Canh Hoành Thánh & Súp Cua - Chung Cư Mizuki Park,"Chung Cư Mizuki Park, MP2, Đường Số 1, X. Bình Hưng",696,1119003,2,0.0,0,0,0,0,28,1,10.7151033,106.663536
/ho-chi-minh/bun-bo-dong-ba-vo-van-van/binh-luan,Bún Bò Đông Ba - Võ Văn Vân,"B11/11 Võ Văn Vân, Ấp 2, X. Vĩnh Lộc B",696,1121835,2,0.0,0,0,0,0,21,0,10.787628,106.57562
/ho-chi-minh/toco-milktea-tra-sua-ql-50.dp8sai/binh-luan,ToCo Milktea - Trà Sữa - Ql 50,"A4/93A Quốc lộ 50, X. Phong Phú",696,1000038378,2,0.0,0,0,0,0,20,0,10.6834716,106.6513046
/ho-chi-minh/ca-phe-pha-may-mang-di-phi-long-quoc-lo-50/binh-luan,Cà Phê Pha Máy Mang Đi Phi Long - Quốc Lộ 50,"A24/4 Quốc Lộ 50, Xã Bình Hưng",696,1102681,2,0.0,0,0,0,0,27,0,10.7282953,106.6560174
/ho-chi-minh/bready-banh-mi-tuoi-burger-dia-bay-duong-so-9a/binh-luan,Bready Bánh Mì Tươi - Burger Đĩa Bay - Đường Số 9A,"120 Đường Số 9A, KDC Trung Sơn, Ấp 4B, X. Bình Hưng",696,1123298,2,0.0,0,0,0,0,29,0,10.7366478,106.6897606
/ho-chi-minh/tiem-sam-dua-khoai-nguyen-van-linh/binh-luan,Tiệm Sâm Dừa Khoái - Nguyễn Văn Linh,"C10 Nguyễn Văn Linh, Ấp 5, X. Bình Hưng",696,1123046,2,0.0,0,0,0,0,26,0,10.727249,106.68045
/ho-chi-minh/tiem-banh-khang-nguyen-banh-ngot-pham-hung.vf71e0/binh-luan,Tiệm Bánh Khang Nguyên - Bánh Ngọt - Phạm Hùng,"C2/10B1 Phạm Hùng, Xã Bình Hưng",696,1000045144,2,0.0,0,0,0,0,16,0,10.7340134,106.6697258
/ho-chi-minh/shinsekai-sushi-kdc-trung-son/binh-luan,Shinsekai Sushi - KDC Trung Sơn,"27 Đường Số 1B, Khu Dân Cư Trung Sơn, Xã Bình Hưng",696,1122440,2,0.0,0,0,0,0,57,0,10.7379131,106.6929568
/ho-chi-minh/a-ua-da-heo-muoi-tom/binh-luan,A-UA - Da Heo Muối Tôm,"10/F13 Hương Lộ 80, Tổ 6, Ấp 6, X. Vĩnh Lộc A",696,1122444,2,0.0,0,0,0,0,29,0,10.818742,106.585616
/ho-chi-minh/hello-cuc-dang-tra-sua-com-tam-long-xuyen-pham-hung/binh-luan,Hello Cục Dàng - Trà Sữa & Cơm Tấm Long Xuyên - Phạm Hùng,"C4/36 Phạm Hùng, X. Bình Hưng",696,1122419,2,0.0,0,0,0,0,25,0,10.7301363810574,106.6759567415679
/ho-chi-minh/banh-trang-tron-cuon/binh-luan,Bánh Tráng Trộn & Cuốn,"C3/16 Phạm Hùng, Ấp 4, X. Bình Hưng",696,250408,2,6.8,9,0,1,0,313,1,10.734826,106.672638
/ho-chi-minh/a-nhut-oc-hai-san/binh-luan,A Nhựt - Ốc & Hải Sản,Phạm Hùng,696,660762,2,7.4,8,0,2,0,142,0,10.727485,106.678042
/ho-chi-minh/xanh-chuoi-bun-rieu-bun-thit-nuong/binh-luan,Xanh Chuối - Bún Riêu & Bún Thịt Nướng,"134 Đường Số 7, KDC Trung Sơn, Xã Bình Hưng",696,735413,2,4.6,4,0,2,1,181,0,10.735484,106.690115
/ho-chi-minh/oc-suong/binh-luan,Ốc Sướng,"C5/18 Phạm Hùng, Xã Bình Hưng",696,680782,2,6.4,14,0,2,0,188,0,10.734686,106.672887
/ho-chi-minh/thao-moc-cafe-duong-so-9a/binh-luan,Thảo Mộc Cafe - Đường Số 9A,"57 - 59 Đường Số 9A, KDC Trung Sơn, Xã Bình Hưng",696,735002,2,6.1,6,0,2,0,136,0,10.73792,106.689796
/ho-chi-minh/tra-sua-mi-mi-thoi-hoa/binh-luan,Trà Sữa Mi Mi - Thời Hòa,E6/39 Thới Hòa,696,781220,2,0.0,1,0,0,0,131,0,10.8312840990586,106.5714495403162
/ho-chi-minh/vinh-loc-quan-bun-bo-gio-heo/binh-luan,Vĩnh Lộc Quán - Bún Bò Giò Heo,A6/4B Ấp 1,696,774456,2,0.0,1,0,0,0,73,1,10.807906588198,106.5701230242848
/ho-chi-minh/ly-thong-quan-an-binh-dan/binh-luan,Lý Thông - Quán Ăn Bình Dân,E11/9L Thới Hòa,696,781204,2,0.0,1,0,0,0,20,0,10.8312850100769,106.5715070762847
/ho-chi-minh/pho-phu-cuong/binh-luan,Phở Phú Cường,1902 Vĩnh Lộc,696,776686,2,0.0,1,0,0,0,47,0,10.8078831748243,106.570226636956
/ho-chi-minh/tra-sua-wecha/binh-luan,Trà Sữa Wecha,"Ngã 3 Thới Hòa - Quách Điêu, Xã Vĩnh Lộc A",696,877920,2,0.0,15,0,0,0,146,0,10.8312797870771,106.571572187011
/ho-chi-minh/an-vat-bobo-quach-dieu/binh-luan,Ăn Vặt BoBo - Quách Điêu,"C1/11A Quách Điêu, Xã Vĩnh Lộc A",696,1020819,2,0.0,2,0,0,0,45,0,10.829392,106.571547
/ho-chi-minh/bun-mam-thoi-hoa/binh-luan,Bún Mắm - Thới Hoà,"12/6B Thới Hoà, X. Vĩnh Lộc A",696,1063274,2,0.0,0,0,0,0,21,0,10.831412,106.57176
/ho-chi-minh/quan-oc-165/binh-luan,Quán Ốc 165,"1908 Vĩnh Lộc, Xã Vĩnh Lộc B",696,278301,2,0.0,13,0,0,0,232,2,10.809111,106.570614
/ho-chi-minh/tra-sua-mono-quach-dieu/binh-luan,Trà Sữa Mono - Quách Điêu,"F1/1R Quách Điêu, Xã Vĩnh Lộc A",696,963597,2,0.0,0,0,0,0,59,0,10.829044,106.571878
/ho-chi-minh/com-ga/binh-luan,Cơm Gà,24 Quách Điêu,696,242115,2,0.0,0,0,0,0,57,0,10.830422,106.572028
/ho-chi-minh/luc-phat-bun-dau-mam-tom-bun-cha-ha-noi/binh-luan,"Lực Phát Bún Đậu Mắm Tôm, Bún Chả Hà Nội","D7/30 Nguyễn Thị Tú Ấp 4, X. Vĩnh Lộc B",696,1076529,2,0.0,0,0,0,0,31,0,10.8139634,106.579629
/ho-chi-minh/quan-an-a-cuong-com-chien-lau-tran-dai-nghia.2hccv9/binh-luan,Quán Ăn A Cường - Cơm Chiên & Lẩu - Trần Đại Nghĩa,"B6/5C Trần Đại Nghĩa, Tân Kiên",696,1000040661,2,0.0,0,0,0,0,10,0,10.7233471,106.5983633
/ho-chi-minh/banh-ngot-pham-hung/binh-luan,Bánh Ngọt - Phạm Hùng,"C5/10BA9 Phạm Hùng, Xã Bình Hưng",696,314759,2,7.2,5,0,1,0,172,1,10.7249807116832,106.6801750659943
/ho-chi-minh/hu-tieu-bo-kho-banh-mi/binh-luan,Hủ Tiếu & Bò Kho Bánh Mì,"Quốc Lộ 50, Xã Tân Kim",696,726995,2,5.8,6,0,1,0,70,2,10.643399,106.656764
/ho-chi-minh/co-dung-banh-trang-nuong-tron/binh-luan,Cô Dung - Bánh Tráng Nướng & Trộn,"Đường Số 10, Khu Dân Cư Bình Hưng, Xã Bình Hưng",696,997256,2,0.0,0,0,0,0,45,0,10.727111,106.654201
/ho-chi-minh/hot-vit-lon-binh-dan/binh-luan,Hột Vịt Lộn Bình Dân,"A11/09D Quốc Lộ 50, X. Bình Hưng",696,794563,2,0.0,3,0,0,0,84,0,10.7247509,106.6558535
/ho-chi-minh/an-vat-nha-u-ca-vien-tra-sua-duong-1a/binh-luan,Ăn Vặt Nhà Ú - Cá Viên & Trà Sữa - Đường 1A,"A8/3C1 Đường 1A, X. Vĩnh Lộc B",696,1000035772,2,0.0,0,1,0,0,33,0,10.778238,106.5761374
/ho-chi-minh/kawaii-ne-tra-sua-quach-dieu.pqr19h/binh-luan,Kawaii Nè - Trà Sữa - Quách Điêu,"F12/21L Quách Điêu, Xã Vĩnh Lộc A",696,1000044575,2,0.0,0,0,0,0,25,0,10.8244389,106.5741797
/ho-chi-minh/tra-sua-nang-pham-hung.dglgux/binh-luan,TRÀ SỮA NẮNG - Phạm Hùng,"14/144/10 Phạm Hùng, X. Bình Hưng",696,1000044439,2,0.0,0,0,0,0,4,0,10.7337534,106.6688924
/ho-chi-minh/tiem-banh-khung-long-bong-lan-trung-muoi-ga-ran-pham-hung/binh-luan,Tiệm Bánh Khủng Long - Bông Lan Trứng Muối & Gà Rán - Phạm Hùng,"C7/17E18 Hẻm C7D Phạm Hùng, X. Bình Hưng",696,1121533,2,0.0,0,0,0,0,32,0,10.7316012527625,106.6776770061342
/ho-chi-minh/an-vat-q-q-star-tra-sua-ga-ran/binh-luan,Ăn Vặt Q&Q Star - Trà Sữa & Gà Rán,"F1/62/10 Quách Điêu (Đối Diện Trường Tiểu Học Vĩnh Lộc A), X. Vĩnh Lộc A",696,1121202,2,0.0,0,0,0,0,19,0,10.814827,106.577155
/ho-chi-minh/an-vat-puntan-tran-dai-nghia/binh-luan,Ăn Vặt PunTan - Trần Đại Nghĩa,"B5/15L Trần Đại Nghĩa, X. Tân Kiên",696,1121177,2,0.0,0,0,0,0,32,0,10.7218722240473,106.5966859900535
/ho-chi-minh/com-suon-vl-d20-16a-vo-van-van.urzyzz/binh-luan,CƠM SƯỜN VL - D20/16A Võ Văn Vân,"D20/16A Ấp 4 Võ Văn Vân, X. Vĩnh Lộc B",696,1000043992,2,0.0,0,0,0,0,15,0,10.8093807,106.5771105
/ho-chi-minh/2-tien-banh-trang-duong-so-1.ezrldz/binh-luan,2 Tiền - Bánh Tráng - Đường Số 1,"Block A, EHome S Nam Sài Gòn, KDC Mizuki Park Đường Số 1, X. Bình Hưng",696,1000044006,2,0.0,0,0,0,0,3,0,10.7171039,106.6628711
/ho-chi-minh/vy-cha-tra-sua-nha-lam-duong-1a/binh-luan,VY CHA Trà Sữa Nhà Làm - Đường 1A,"A13B Đường 1A, Tổ 13, Ấp 1B, X. Vĩnh Lộc B",696,1121105,2,0.0,0,0,0,0,28,0,10.776458670985,106.5816342622666
/ho-chi-minh/hu-tieu-nam-vang-him-lam-hu-tieu-16-duong-13-khu-dan-cu-him-lam-6a.0xxjrv/binh-luan,Hủ Tiếu Nam Vang Him Lam - Hủ Tiếu - 16 Đường 13 Khu Dân Cư Him Lam 6A,"16 Khu Dân Cư Him Lam 6A Đường Số 13, X. Bình Hưng",696,1000043875,2,0.0,0,0,0,0,8,0,10.7298395,106.6872106
/ho-chi-minh/nien-coffee-thuc-uong-an-vat-duong-so-10.zipxht/binh-luan,Niên Coffee - Thức Uống & Ăn Vặt - Đường Số 10,"23 Đường Số 10, X. Bình Hưng",696,1000037843,2,0.0,0,0,0,0,21,0,10.7338667,106.6907553
/ho-chi-minh/banh-mi-xiu-mai-co-oanh-pham-hung.efxujk/binh-luan,Bánh Mì Xíu Mại Cô Oanh - Phạm Hùng,"C7B/119/8 Phạm Hùng, X. Bình Hưng",696,1000033417,2,0.0,0,0,0,0,4,0,10.732821,106.677038
/ho-chi-minh/banh-bong-lan-trung-muoi-pho-mai-shop-online/binh-luan,Bánh Bông Lan Trứng Muối Phô Mai - Shop Online,A26/14F Bình Hưng,696,209507,2,0.0,0,2,0,1,284,1,10.728871,106.656551
/ho-chi-minh/co-mai-bun-nuoc-leo-soc-trang/binh-luan,Cô Mai - Bún Nước Lèo Sóc Trăng,35 Đường Số 6,696,710540,2,3.4,0,0,1,1,282,0,10.7375648,106.6923706
/ho-chi-minh/hu-tieu-duong-so-1/binh-luan,Hủ Tiếu - Đường Số 1,"Đường Số 1, Xã Bình Hưng",696,154824,2,7.0,6,0,1,0,276,0,10.7328252,106.6913709
/ho-chi-minh/rau-cau-dua-vo-van-van/binh-luan,Rau Câu Dừa - Võ Văn Vân,"B8/15 Võ Văn Vân, Xã Vĩnh Lộc B",696,779458,2,0.0,1,3,0,1,271,0,10.7871601,106.5754494999999
/ho-chi-minh/nha-hang-huong-lua-4-duong-13/binh-luan,Nhà Hàng Hương Lúa 4 - Đường 13,"123 Đường 13, Ấp 5 Phong Phú",696,693125,2,0.0,0,0,0,0,266,1,10.7260506641345,106.6459688544273
/ho-chi-minh/viva-star-coffee-pham-hung/binh-luan,Viva Star Coffee - Phạm Hùng,"C7/7A2 Phạm Hùng, X. Bình Hưng",696,796358,2,0.0,15,0,0,0,266,0,10.731787,106.674931
/ho-chi-minh/com-ga-binh-dan/binh-luan,Cơm Gà Bình Dân,Phạm Hùng,696,312070,2,7.4,1,0,1,0,84,0,10.734117,106.673175
/ho-chi-minh/2-phuong-com-tam-binh-dan/binh-luan,2 Phương - Cơm Tấm Bình Dân,"C2/14 Nữ Dân Công, X. Vĩnh Lộc A",696,781234,2,0.0,1,0,0,0,31,0,10.8337226,106.5723179
/ho-chi-minh/ngoc-trai-nha-hang-hai-san/binh-luan,Ngọc Trai - Nhà Hàng Hải Sản,"F12/2A Quách Điêu, Xã Vĩnh Lộc A",696,682495,2,0.0,7,0,0,0,119,0,10.8280755,106.5722628999999
/ho-chi-minh/an-vat-dong-gia-35k-shop-online/binh-luan,Ăn Vặt Đồng Giá 35K - Shop Online,"E1 Quách Điêu, Xã Vĩnh Lộc A",696,1014775,2,0.0,22,1,0,0,25,0,10.828078,106.572322
/ho-chi-minh/boss-coffee/binh-luan,Boss Coffee,"147 Nguyễn Đình Kiên, Xã Tân Nhựt",696,704723,2,0.0,0,0,0,0,55,0,10.708228,106.565796
/ho-chi-minh/vnfruit-dac-san-que-huong-quach-dieu/binh-luan,Vnfruit - Đặc Sản Quê Hương - Quách Điêu,"E1/1C Quách Điêu, X. Vĩnh Lộc A",696,1089066,2,0.0,0,0,0,0,10,0,10.824497,106.572479
/ho-chi-minh/quan-pho-gia-dinh-quach-dieu/binh-luan,Quán Phở Gia Đình - Quách Điêu,"D1/8 Quách Điêu, X. Vĩnh Lộc",696,1063228,2,0.0,0,0,0,0,40,0,10.828638,106.572778
/ho-chi-minh/com-tam-co-ba-pham-hung/binh-luan,Cơm Tấm Cô Ba - Phạm Hùng,C3/9 Phạm Hùng,696,788490,2,6.8,9,0,1,0,115,1,10.7340515473415,106.6731805498744
/ho-chi-minh/mi-cay-nasin-bui-thanh-khiet/binh-luan,Mì Cay Nasin - Bùi Thanh Khiết,"C1/5B Bùi Thanh Khiết, TT. Tân Túc",696,775754,2,7.0,2,0,1,0,139,1,10.689281,106.574875
/ho-chi-minh/ga-ran-ga-lac-khoai-tay-lac/binh-luan,Gà Rán - Gà Lắc - Khoai Tây Lắc,"F1/21 Ấp 6, X. Vĩnh Lộc A",696,1076503,2,0.0,0,0,0,0,21,0,10.6857184,106.6217317
/ho-chi-minh/pho-nguyen-thoi-hoa/binh-luan,Phở Nguyễn - Thới Hoà,"E11/9M Thới Hoà, X. Vĩnh Lộc A",696,1058945,2,0.0,0,0,0,0,45,0,10.8303455,106.575831
/ho-chi-minh/pub-bingsu-tea/binh-luan,Pub Bingsu & Tea,"D16/61 Đinh Đức Thiện, X. Bình Chánh",696,1076329,2,0.0,0,0,0,0,17,0,10.6601959,106.5780912
/ho-chi-minh/mi-y-riou-s-kitchen-shop-online/binh-luan,Mì Ý Riou's Kitchen - Shop Online,"A3/94/1 Ấp 1, Xã Đa Phước",696,882047,2,0.0,0,0,0,0,56,0,10.675307,106.651692
/ho-chi-minh/2-luc-quan/binh-luan,2 Lực Quán,"4 Đường Số 6, KDC Bình Hưng, X. Bình Hưng",696,1076534,2,0.0,0,0,0,0,7,0,10.7295299,106.6511327
/ho-chi-minh/bun-bo-dong-ba-5-thoi-hoa/binh-luan,Bún Bò Đông Ba 5 - Thới Hòa,"E1/46A Thới Hòa, Xã Vĩnh Lộc A",696,1059237,2,0.0,0,0,0,0,36,0,10.8288424,106.5850664
/ho-chi-minh/bo-la-lot-mo-chai-thanh-long/binh-luan,Bò Lá Lốt Mỡ Chài Thành Long,"A3/20 B1 Trần Đại Nghĩa, X. Tân Kiên",696,1076269,2,0.0,0,0,0,0,12,0,10.7225645,106.6002538
/ho-chi-minh/tra-sua-t-v/binh-luan,Trà Sữa T&V,"E7/211 Ấp 5, X. Đa Phước",696,1076275,2,0.0,0,0,0,0,20,0,10.6708351,106.6572905
/ho-chi-minh/cya-ca-phe-va-tieng-anh/binh-luan,CYA-Cà Phê và Tiếng Anh,"D11/331/3 Đường 4B, Ấp 4, X. Đa Phước",696,1076619,2,0.0,0,0,0,0,28,0,10.6581935,106.6489005
/ho-chi-minh/tra-sua-libicha-vinh-loc/binh-luan,Trà Sữa Libicha Vĩnh Lộc,"F9/18A2 Hương Lộ 80, X. Vĩnh Lộc A",696,1079242,2,0.0,0,0,0,0,20,0,10.8111721,106.5753962
/ho-chi-minh/a-tam-hu-tiu-duong-so-7/binh-luan,A Tám - Hủ Tíu - Đường Số 7,"68 Đường Số 7, X. Bình Hưng",696,1000029419,2,0.0,0,0,0,0,17,0,10.737926,106.690174
/ho-chi-minh/hung-ky-mi-gia-duong-so-9a/binh-luan,Hùng Ký Mì Gia - Đường Số 9A,"119 Đường Số 9A, Xã Bình Hưng",696,1043561,2,0.0,0,0,0,0,31,0,10.736131,106.6897121
/ho-chi-minh/bap-cai-tra-sua-nuoc-ep/binh-luan,Bắp Cải - Trà Sữa & Nước Ép,"A7/22 Đường Số 1, Xã Bình Hưng",696,1054726,2,0.0,0,0,0,0,26,0,10.730766,106.654301
/ho-chi-minh/sinh-to-mixx-ngon-duong-so-4/binh-luan,Sinh Tố Mixx Ngon - Đường Số 4,"47 Đường Số 4, X. Bình Hưng",696,1120776,2,0.0,0,0,0,0,8,0,10.7245975797004,106.6525618390032
/ho-chi-minh/mi-tron-top-mo-35k-quoc-lo-50.8qubyy/binh-luan,Mì Trộn Tóp Mỡ 35k - Quốc Lộ 50,"20 Hẻm A13 Quốc lộ 50, X. Bình Hưng",696,1000040650,2,0.0,0,0,0,0,24,0,10.7234363,106.65582
/ho-chi-minh/tia-oi-com-chay-quoc-lo-50.72xgzw/binh-luan,TÍA ƠI - Cơm Cháy - Quốc Lộ 50,"A8/19C Quốc lộ 50, Xã Bình Hưng",696,1000040651,2,0.0,0,0,0,0,3,0,10.7277481,106.6553867
/ho-chi-minh/hu-tiu-suon-co-ngoc-trinh-quang-nghi/binh-luan,Hủ Tíu Sườn Cô Ngọc - Trịnh Quang Nghị,"D11/317 Trịnh Quang Nghị, X. Phong Phú",696,1119301,2,0.0,0,0,0,0,26,0,10.6944537,106.6517491
/ho-chi-minh/bep-nha-bell-goi-cuon-banh-trang-long-an-binh-hung/binh-luan,Bếp Nhà Bell - Gỏi Cuốn & Bánh Tráng Long An - Bình Hưng,C9/7Y2 X. Bình Hưng,696,1000040237,2,0.0,0,0,0,0,34,0,10.7292480768735,106.6805039916553
/ho-chi-minh/quan-ga-nuong-tam-mam-ot-huong-lo-80/binh-luan,QUÁN GÀ NƯỚNG TẮM MẮM ỚT - Hương Lộ 80,"F1/18 Đường Hương Lộ 80, Ấp 6, X. Vĩnh Lộc A",696,1119274,2,0.0,0,0,0,0,17,0,10.811653,106.576163
/ho-chi-minh/hung-map-hamburger-vinh-loc/binh-luan,Hưng Mập - Hamburger - Vĩnh Lộc,"Hẻm F1/13D1 Vĩnh Lộc, Xã Vĩnh Lộc A",696,1000022461,2,0.0,0,0,0,0,52,0,10.8113586,106.5736428
/ho-chi-minh/tra-sua-sunco/binh-luan,Trà Sữa Sunco,"23 Đường 11, KDC. Him Lam, P. Bình Hưng",696,265159,2,0.0,7,0,0,0,248,1,10.730781,106.688356
/ho-chi-minh/nha-hang-bbq-vuon-viet-nuong/binh-luan,Nhà Hàng BBQ Vườn Việt Nướng,"A29/27 Quốc Lộ 50, Xã Bình Hưng",696,698897,2,0.0,0,0,0,0,241,1,10.7222188464851,106.65562748909
/ho-chi-minh/banh-crepe-sau-rieng-sau-rieng-sach/binh-luan,Bánh Crepe Sầu Riêng & Sầu Riêng Sạch - Shop Online,"Đường Số 10, KDC Phong Phú",696,665068,2,0.0,0,1,0,1,235,3,10.727322,106.64845
/ho-chi-minh/quan-com-co-tam/binh-luan,Quán Cơm Cô Tám,"C3/12 Phạm Hùng, Xã Bình Hưng",696,657580,2,7.2,9,0,1,0,89,0,10.7240741480238,106.6806900501251
/ho-chi-minh/heo-moi-nuong-pham-hung/binh-luan,Heo Mọi Nướng - Phạm Hùng,"C1A/18 Phạm Hùng, Xã Bình Hưng",696,767229,2,7.2,8,0,1,0,86,0,10.735181,106.672448
/ho-chi-minh/bun-ca-chau-doc-co-hue/binh-luan,Bún Cá Châu Đốc Cô Huệ,"C3/21A Phạm Hùng, Xã Bình Hưng",696,804886,2,7.2,7,0,1,0,69,0,10.733523,106.673585
/ho-chi-minh/hu-tiu-nam-vang-ngon/binh-luan,Hủ Tíu Nam Vang Ngon,"C3/16 Phạm Hùng, P. Bình Hưng",696,974885,2,7.2,3,0,1,0,41,0,10.732781,106.674149
/ho-chi-minh/bep-hao-hao-dinh-cao-an-vat-kdc-trung-son/binh-luan,Bếp Hảo Hảo - Đỉnh Cao Ăn Vặt - KDC Trung Sơn,"28 Đường Số 7, KDC Trung Sơn, Xã Bình Hưng",696,1050130,2,7.2,1,1,1,0,58,0,10.738701,106.690739
/ho-chi-minh/phu-vang-bun-bo-goc-hue/binh-luan,Phú Vang - Bún Bò Gốc Huế,"F3/7A Liên Ấp 2 - 6, Ấp Vĩnh Lộc A",696,781824,2,0.0,1,0,0,0,24,0,10.818153,106.572231
/ho-chi-minh/xuan-hau-pho-lau-bo/binh-luan,Xuân Hậu - Phở & Lẩu Bò,B11/117 Võ Văn Vân,696,773827,2,0.0,2,0,0,0,32,0,10.7669801,106.5694476
/ho-chi-minh/milk-tea-coffee-the-only-t/binh-luan,Milk Tea - Coffee The Only T,"E1/5G2 Quách Điêu, P. Vĩnh Lộc A",696,916005,2,0.0,8,0,0,0,22,0,10.827969,106.573008
/ho-chi-minh/banh-canh-ghe-bach-tuoc-thoi-hoa/binh-luan,Bánh Canh Ghẹ & Bạch Tuộc - Thới Hòa,"E12/28B Thới Hòa, X. Vĩnh Lộc A",696,780712,2,0.0,1,0,0,0,53,0,10.8315554,106.5733464
/ho-chi-minh/rita-coffee-lien-ap-2-6/binh-luan,Rita Coffee - Liên Ấp 2-6,F3/3314X Liên Ấp 2-6,696,842081,2,0.0,0,0,0,0,29,0,10.81779,106.572586
/ho-chi-minh/coffee-diem-hen-quach-dieu/binh-luan,Coffee Điểm Hẹn - Quách Điêu,C1/4A Quách Điêu,696,828093,2,0.0,0,0,0,0,21,0,10.826237,106.573129
/ho-chi-minh/coffee-quynh-lam/binh-luan,Coffee Quỳnh Lam,"Trần Văn Giàu, Xã Lê Minh Xuân",696,874114,2,0.0,0,0,0,0,24,0,10.76053,106.56977
/ho-chi-minh/sunlight-coffee-tra-sua-sinh-to/binh-luan,Sunlight Coffee - Trà Sữa & Sinh Tố,"G10/15 đường lô 2, Ấp 7, X. Lê Mình Xuân",696,1000022572,2,0.0,0,0,0,0,28,0,10.7607403143719,106.5698154054294
/ho-chi-minh/win-food-cafe-quach-dieu.r9ne65/binh-luan,Win Food - Cafe - Quách Điêu,"F6/29 Quách Điêu, X. Vĩnh Lộc A",696,1000037220,2,0.0,0,0,0,0,22,0,10.8249875,106.573542
/ho-chi-minh/bo-bia-lap-xuong-bung-binh-trung-son/binh-luan,Bò Bía Lạp Xưởng - Bùng Binh Trung Sơn,"Đường Số 9A, X. Bình Hưng",696,785521,2,0.0,1,0,0,0,82,0,10.7385817,106.6896327
/ho-chi-minh/ca-phe-khuyen-nong/binh-luan,Cà Phê Khuyến Nông,"666B/9 Ấp 2, X. An Phú Tây",696,1076106,2,0.0,0,0,0,0,7,0,10.6865419,106.6031831
/ho-chi-minh/high-g-cafe/binh-luan,High G Cafe,"A6/2 Hương Lộ 80 Vĩnh Lộc A Bình Chánh, X.Vĩnh Lộc A",696,1076608,2,0.0,0,0,0,0,9,0,10.81038,106.5733848
/ho-chi-minh/anan-juice-smoothie/binh-luan,AnAn Juice & Smoothie,"A27/7/B1 Quốc Lộc 50, X. Bình Hưng",696,1076598,2,0.0,0,0,0,0,9,0,10.7241283,106.655889
/ho-chi-minh/an-vat-nho-oi/binh-luan,Ăn Vặt Nhỏ Ơi,"F2/2F2 Quách Điêu, Tổ 5, Ấp 6, X. Vĩnh Lộc A",696,1076862,2,0.0,0,0,0,0,8,0,10.8170753,106.5769093
/ho-chi-minh/he-thong-lau-duoi-bo-hung-rom-3/binh-luan,Hệ Thống Lẩu Đuôi Bò Hùng Rơm 3,"C8/24 Võ Văn Vân, X. Vĩnh Lộc B",696,1076289,2,0.0,0,0,0,0,76,0,10.7977161,106.5776464
/ho-chi-minh/bun-dau-mam-tom-bep-ut-ai/binh-luan,Bún Đậu Mắm Tôm Bếp Út Ái,"A12/6 Ấp 1, X. Qui Đức",696,1076601,2,0.0,0,0,0,0,23,0,10.6477983,106.6545481
/ho-chi-minh/cam-tu-cafe-ap-4b/binh-luan,Cẩm Tú Cafe - Ấp 4B,"C16/6 Ấp 4B, X. Bình Hưng",696,1078419,2,0.0,0,0,0,0,8,0,10.7358677,106.6887738
/ho-chi-minh/nobita-coffee-tea-coffee-tea-chung-cu-mizuki-park-mp1.ctc3j4/binh-luan,Nobita Coffee & Tea - Coffee & Tea - Chung Cư Mizuki Park - MP1,"Đường số 1 Nguyễn Văn Linh, X. Bình Hưng",696,1000040161,2,0.0,0,0,0,0,26,0,10.7153295,106.6631755
/ho-chi-minh/banh-bao-thu-cung-dong-lua-quoc-lo-50.aanrjk/binh-luan,Banh Bao Thú Cưng Đồng Lúa - Quốc Lộ 50,"A11/8 Quốc lộ 50, X. Bình Chánh",696,1000039185,2,0.0,0,0,0,0,25,0,10.7128418,106.6555079
/ho-chi-minh/ngonngon-ga-u-muoi-hoa-tieu-gio-heo-hun-khoi-pham-hung/binh-luan,NgonNgon - Gà Ủ Muối Hoa Tiêu & Giò Heo Hun Khói - Phạm Hùng,"C2/27B/4 Phạm Hùng, Ấp 4, X. Bình Hưng",696,1118582,2,0.0,0,0,0,0,29,0,10.7313937571544,106.6696135507285
/ho-chi-minh/phuong-trinh-food-drink-tra-sua-milo-dam-pham-hung/binh-luan,Phương Trịnh Food & Drink - Trà Sữa & Milo Dầm - Phạm Hùng,"C3/26 XB Đến Hẻm C4 Phạm Hùng, X. Bình Hưng",696,1000038741,2,0.0,0,0,0,0,28,0,10.7302963,106.6709552
/ho-chi-minh/vo-phuc-trung-nghia-shop-online/binh-luan,Võ Phục Trung Nghĩa - Shop Online,"E3/5 Thới Hòa, Xã Vĩnh Lộc A",696,766958,2,0.0,223,0,0,0,234,4,10.8295216,106.5790527
/ho-chi-minh/pho-kieu-cafe-bar/binh-luan,Phố Kiều Cafe & Bar,68 Phạm Hùng,696,233061,2,0.0,8,0,0,0,228,3,10.7338429,106.6734114
/ho-chi-minh/quan-oc-gia-dinh-dinh-duc-thien/binh-luan,Quán Ốc Gia Đình - Đinh Đức Thiện,D17/33 Đinh Đức Thiện,696,694458,2,0.0,17,3,0,0,226,3,10.658104,106.581183
/ho-chi-minh/buon-ho-coffee-thi-tran-tan-tuc/binh-luan,Buôn Hồ Coffee - Thị Trấn Tân Túc,"Khu Phố 3, Cao Tốc Trung Lương, Thị Trấn Tân Túc",696,187859,2,0.0,17,3,0,1,224,1,10.6879177686404,106.5832765772938
/ho-chi-minh/ca-nuong-mac-khen-tay-bac/binh-luan,Cá Nướng Mắc Khén Tây Bắc,Đường C7C,696,645343,2,0.0,2,3,0,1,224,1,10.7314888528525,106.6755405029907
/ho-chi-minh/pho-phuong-bac-duong-so-5/binh-luan,Phở Phương Bắc,"53 Đường Số 5, X. Bình Hưng",696,635030,2,7.0,9,0,1,0,85,0,10.718031,106.683985
/ho-chi-minh/nha-hang-karaoke-cay-su/binh-luan,Nhà Hàng Karaoke Cây Sứ,"C12B/13B Ấp 3B, Xã Vĩnh Lộc B",696,653683,2,0.0,22,3,0,1,175,4,10.7944212593174,106.5789860486984
/ho-chi-minh/tra-sua-ha/binh-luan,Trà Sữa Hà,"D11/302 Trịnh Quang Nghị, Xã Phong Phú",696,727280,2,0.0,9,4,0,1,98,4,10.6936282404598,106.6537821292877
/ho-chi-minh/wings-tra-sua-xien-que-an-vat/binh-luan,"Wings - Trà Sữa, Xiên Que & Ăn Vặt",E3/54 Tân Long,696,670052,2,0.0,10,3,0,1,75,2,10.6952175201417,106.5783557295799
/ho-chi-minh/coffee-77/binh-luan,Coffee 77,"318 Cao Lỗ, P. 4",696,164926,2,0.0,9,2,0,1,138,1,10.7350305893362,106.6798298683311
/ho-chi-minh/alo-mi-cay/binh-luan,Alo Mì Cay,"106 Đường Số 7, KDC. Trung Sơn ",696,259711,2,0.0,2,1,0,1,206,3,10.7362257653508,106.6901142856731
/ho-chi-minh/tranh-cafe-quach-dieu/binh-luan,Tranh Cafe - Quách Điêu,E1/2N Quách Điêu,696,807217,2,0.0,0,0,0,0,11,0,10.825317,106.573649
/ho-chi-minh/coffee-delta-banh-mi-mien-trung-duong-6a/binh-luan,Coffee Delta - Bánh Mì Miền Trung - Đường 6A,"B11A/39M Ấp 2B Đường 6A, X. Vĩnh Lộc B",696,1117386,2,0.0,0,0,0,0,5,0,10.7916196376854,106.5719651559823
/ho-chi-minh/cay-me-quan-com-binh-dan/binh-luan,Cây Me - Quán Cơm Bình Dân,E8/3 Thới Hòa,696,781222,2,0.0,1,0,0,0,21,0,10.8309750938903,106.5743157487448
/ho-chi-minh/bun-bo-hue-bun-rieu-thoi-hoa/binh-luan,Bún Bò Huế & Bún Riêu - Thới Hòa,E8/3 Thới Hòa,696,781224,2,0.0,1,0,0,0,22,0,10.8308810020732,106.5747079253196
/ho-chi-minh/com-tam-dem-huynh-them/binh-luan,Cơm Tấm Đêm Huỳnh Thêm,"C3/17B Phạm Hùng, X. Bình Hưng",696,804887,2,0.0,5,0,0,0,58,0,10.733418,106.673367
/ho-chi-minh/ga-ran-kem-tu-chon-hoang-kim/binh-luan,Gà Rán - Kem Tự Chọn & Hoàng Kim,"B2/20E Khu Phố 2, Bùi Thanh Khiết, TT. Tân Túc",696,1060301,2,0.0,0,0,0,0,38,0,10.691393,106.574067
/ho-chi-minh/the-gioi-an-ngon/binh-luan,Thế Giới Ăn Ngon," A30/12 Quốc Lộ 50, Xã Bình Hưng",696,1058379,2,0.0,0,1,0,0,69,0,10.7237237201685,106.6558993738428
/ho-chi-minh/banh-mi-sai-gon-tony-ngon-nhat/binh-luan,Bánh Mì Sài Gòn Tony Ngon Nhất,"62 Quản Trọng Linh, An Phú Tây",696,1068167,2,0.0,0,0,0,0,31,0,10.6981460396724,106.6092645407304
/ho-chi-minh/banh-trang-bibi-banh-trang-cac-loai-pham-hung/binh-luan,Bánh Tráng BiBi - Bánh Tráng Các Loại - Phạm Hùng,"C6/9 Phạm Hùng, X. Bình Hưng",696,1105144,2,0.0,0,0,0,0,3,0,10.7336390638788,106.6743812919881
/ho-chi-minh/quan-an-tran-ky-com-chien-gion-ga-xoi-mo/binh-luan,Quán Ăn Trần Ký Cơm Chiên Giòn Gà Xối Mỡ,"C1/5A1 Ấp 3, Xã Vĩnh Lộc A",696,1076196,2,0.0,0,0,0,0,10,0,10.7941946,106.5792807
/ho-chi-minh/thuy-nga-tra-tac-tra-dao/binh-luan,Thủy Nga - Trà Tắc & Trà Đào,"C7/18D Phạm Hùng, Xã Bình Hưng",696,997270,2,0.0,0,0,0,0,53,0,10.725657,106.679457
/ho-chi-minh/goc-cafe-sao-dem-bbq-sao-dem/binh-luan,GỐC CAFE SAO ĐÊM & BBQ SAO ĐÊM,"C4/28 Đường Bờ Nhà Thờ, Xã Bình Chánh",696,1069860,2,0.0,0,0,0,0,47,0,10.650889,106.566472
/ho-chi-minh/ga-nuong-muoi-ot-lien-ap-123/binh-luan,Gà Nướng Muối Ớt - Liên Ấp 123,"10 Liên Ấp 123, X. Vĩnh Lộc B",696,1076870,2,0.0,0,0,0,0,46,0,10.7763431,106.5850981
/ho-chi-minh/funny-beef-by-kitchen-trung-son/binh-luan,Funny Beef By Kitchen Trung Sơn,"120 Đường Số 9A, Khu Dân Cư Trung Sơn, Ấp 4B, X. Bình Hưng",696,1076319,2,0.0,0,0,0,0,26,0,10.7362173,106.6917955
/ho-chi-minh/pho-cuong-thoi-hoa/binh-luan,Phở Cường - Thới Hoà,"E11/47 Thới Hoà, X. Vĩnh Lộc A",696,1058954,2,0.0,0,0,0,0,16,0,10.8303455,106.575831
/ho-chi-minh/tra-sua-phuong-phuong/binh-luan,Trà Sữa Phương Phương,"C7/21/5A, Tổ 11, Ấp 3A, Đường 3B, X. Vĩnh Lộc B",696,1076170,2,0.0,0,0,0,0,7,0,10.8225152,106.5750287
/ho-chi-minh/quan-oc-gia-dinh-vinh-loc/binh-luan,Quán Ốc Gia Đình - Vĩnh Lộc,"2064 Vĩnh Lộc, Ấp 4, X. Vĩnh Lộc B",696,1106745,2,0.0,0,0,0,0,25,0,10.810082,106.573837
/ho-chi-minh/shop-banh-trang-anh-hong-pham-hung/binh-luan,Shop Bánh Tráng Ánh Hồng - Phạm Hùng,"54/43 Phạm Hùng, X. Bình Hưng",696,1118073,2,0.0,0,0,0,0,27,0,10.7318502,106.6748627
/ho-chi-minh/cafeta-ca-phe-duong-1c.nttunn/binh-luan,Cafeta - Cà Phê - Đường 1C,"A7/15 Đường Số 1C, Vĩnh Lộc B",696,1000038228,2,0.0,0,0,0,0,2,0,10.7940007,106.5833551
/ho-chi-minh/che-tau-hu-ba-bong-khu-trung-son/binh-luan,CHÈ TÀU HỦ BÀ BỔNG - Khu Trung Sơn,"120 Đường Số 9A, Khu Dân Cư Trung Sơn, X. Bình Hưng",696,1117538,2,0.0,0,0,0,0,38,0,10.735231,106.6892895
/ho-chi-minh/shin-bakery-banh-keo-quoc-lo-50.mkeixx/binh-luan,Shin Bakery - Bánh & Kẹo - Quốc Lộ 50,"E14/341 Quốc lộ 50, X. Phong Phú",696,1000037994,2,0.0,0,0,0,0,22,0,10.7116174,106.6557325
/ho-chi-minh/tra-sua-pon-an-vat/binh-luan,Trà Sữa Pon - Ăn Vặt,"A6/16 Quốc Lộ 50, X. Bình Hưng",696,1117373,2,0.0,0,0,0,0,21,0,10.7305811288116,106.6558401549236
/ho-chi-minh/doi-nam-dinh-co-bay-long-heo-nong-quoc-lo-50.hjyn7z/binh-luan,Dồi Nam Định Cô Bảy - Lòng Heo Nóng - Quốc Lộ 50,"A1/17 Quốc lộ 50, X. Bình Hưng",696,1000037886,2,0.0,0,0,0,0,36,0,10.7221674,106.655646
/ho-chi-minh/ga-ta-hoi-an-quoc-lo-50/binh-luan,Gà Ta Hội An - Quốc Lộ 50,"A3/21 Quốc Lộ 50, X. Bình Hưng",696,715252,2,0.0,4,1,0,0,183,0,10.7296278,106.6557321
/ho-chi-minh/dac-san-tay-bac-gio-heo-rut-xuong-ba-roi-nuong-la-mac-mat/binh-luan,Đặc Sản Tây Bắc - Giò Heo Rút Xương & Ba Rọi Nướng Lá Mắc Mật,"C10/3 Phạm Hùng, Xã Bình Hưng",696,975361,2,0.0,1,0,0,0,214,0,10.728729,106.677217
/ho-chi-minh/tiem-vit-quay-phat-tai/binh-luan,Tiệm Vịt Quay Phát Tài,"A3/07 Quốc Lộ 50, Xã Bình Hưng",696,739850,2,0.0,0,0,0,0,210,0,10.730304,106.6559199999999
/ho-chi-minh/lau-bo-ly-koi-3/binh-luan,Lẩu Bò Lý Kòi 3,"C8/24 Võ Văn Vân, Ấp 3, Xã Vĩnh Lộc B",696,766837,2,0.0,8,0,0,0,206,0,10.797742,106.57735
/ho-chi-minh/banh-trang-ong-gia-chanh-hung/binh-luan,Bánh Tráng Ông Già - Chánh Hưng,C3/16 Chánh Hưng,696,788496,2,7.0,9,0,1,0,99,0,10.7384612429593,106.671389490366
/ho-chi-minh/kim-thap-3-hu-tieu-nam-vang/binh-luan,Kim Tháp 3 - Hủ Tiếu Nam Vang,"C14/20 Quốc Lộ 1A, Xã Tân Kiên",696,941272,2,7.0,3,0,1,0,68,0,10.7054810880736,106.5979412198067
/ho-chi-minh/hu-tiu-sa-dec/binh-luan,Hủ Tíu Sa Đéc,"C3/3 Phạm Hùng, Xã Bình Hưng",696,669560,2,7.0,4,0,1,0,108,0,10.734532,106.672901
/ho-chi-minh/com-ga-tam-ky-quach-dieu/binh-luan,Cơm Gà Tam Kỳ,"F2/16 Quách Điêu, X. Vĩnh Lộc A",696,310790,2,7.0,1,0,1,0,171,0,10.819638,106.576148
/ho-chi-minh/ga-ta-tam-ky-pham-hung/binh-luan,Gà Ta Tam Kỳ - Phạm Hùng,"C3/4 Phạm Hùng, Xã Bình Hưng",696,731395,2,0.0,6,1,0,1,133,1,10.7341239394629,106.6729823872447
/ho-chi-minh/hu-tieu-mi-xa-xiu-thap-cam/binh-luan,Hủ Tiếu Mì Xá Xíu & Thập Cẩm,"680/42 Đường Số 4, Xã Bình Hưng",696,680134,2,0.0,5,5,0,1,92,1,10.720407,106.686304
/ho-chi-minh/com-chay-thien-y-pham-hung/binh-luan,Cơm Chay Thiên Ý,"C8/4A1 Phạm Hùng, Xã Bình Hưng",696,683831,2,0.0,5,1,0,1,144,1,10.729252,106.676879
/ho-chi-minh/che-buoi-tuong-vy/binh-luan,Chè Bưởi Tường Vy,B17/19 Ấp 2 Xã Vĩnh Lộc B,696,310151,2,0.0,2,1,0,1,103,2,10.787712,106.587152
/ho-chi-minh/monkey-kid-banh-chuoi-thai-banh-mi-nuong-indonesia/binh-luan,Monkey Kid - Bánh Chuối Thái & Bánh Mì Nướng Indonesia,Hẻm C3 Phạm Hùng,696,314893,2,0.0,3,4,0,1,149,1,10.734336737912,106.6720084100961
/ho-chi-minh/com-tam-toan/binh-luan,Cơm Tấm Toàn,"C7/27/32 Phạm Hùng, X. Bình Hưng",696,683829,2,0.0,3,3,0,1,150,1,10.732807,106.675196
/ho-chi-minh/co-nga-pha-lau-bo/binh-luan,Cô Nga - Phá Lấu Bò,"C7/7 Phạm Hùng, X. Bình Hưng",696,683825,2,0.0,3,2,0,1,140,1,10.732648,106.674732
/ho-chi-minh/4-mua-cafe/binh-luan,4 Mùa Cafe,"Đường Số 4, P. Bình Hưng",696,706988,2,0.0,1,1,0,1,37,1,10.7244052153727,106.6543531045317
/ho-chi-minh/simon-coffee-milk-tea/binh-luan,Simon - Coffee & Milk Tea,313A7/12 Ấp 1,696,774442,2,0.0,44,2,0,1,144,0,10.6855292,106.5965961
/ho-chi-minh/huynh-hieu-com-ga-chao-ga/binh-luan,Huỳnh Hiếu - Cơm Gà & Cháo Gà,E1/3K Quách Điêu,696,780013,2,0.0,1,0,0,0,64,0,10.8197915,106.5741423
/ho-chi-minh/an-vat-ben-bap/binh-luan,Ăn Vặt Ben & Bắp,"s4/20b/11 Ấp 1A, X. Vĩnh Lộc B",696,1078125,2,0.0,0,0,0,0,18,0,10.7706771066156,106.5714087000055
/ho-chi-minh/bun-bo-hue-dong-ba-quach-dieu/binh-luan,Bún Bò Huế Đông Ba - Quách Điêu,F2/31 Quách Điêu,696,780007,2,0.0,1,1,0,0,84,0,10.823565,106.5744389
/ho-chi-minh/kim-anh-2-com-chien-mi-xao-nui-xao/binh-luan,"Kim Anh 2 - Cơm Chiên, Mì Xào & Nui Xào","F3/25A Ấp 6, Xã Vĩnh Lộc A",696,1053292,2,0.0,0,0,0,0,39,0,10.81589,106.574111
/ho-chi-minh/ti-chuot-quan-an-binh-dan/binh-luan,Tí Chuột - Quán Ăn Bình Dân,E6/10 Thới Hòa,696,781213,2,0.0,2,0,0,0,49,0,10.8306334102394,106.5751512573718
/ho-chi-minh/chao-coffee-tea/binh-luan,Chảo - Coffee & Tea,"C10/76 Lại Hùng Cường, Xã Vĩnh Lộc B",696,780686,2,0.0,1,0,0,0,55,1,10.7961021,106.5731957
/ho-chi-minh/quan-779-com-ga-mien-ga/binh-luan,Quán 779 - Cơm Gà & Miến Gà,E6/11 Thới Hòa,696,781214,2,0.0,1,0,0,0,27,0,10.8306242319896,106.5751732774295
/ho-chi-minh/hong-hanh-bun-bo-bun-rieu/binh-luan,Hồng Hạnh - Bún Bò & Bún Riêu,"E12/18C Thới Hòa, X. Vĩnh Lộc A",696,780025,2,0.0,1,0,0,0,39,0,10.8310667,106.5752799
/ho-chi-minh/tra-sua-sinh-to/binh-luan,Trà Sữa & Sinh Tố,"C3/19A Phạm Hùng, Xã Bình Hưng",696,672979,2,6.8,8,0,1,0,79,0,10.734348,106.671999
/ho-chi-minh/an-goi-cuon-bun-mam-nem-pham-hung/binh-luan,An - Gỏi Cuốn & Bún Mắm Nêm - Phạm Hùng,"C5/10/6 Phạm Hùng, X. Bình Hưng",696,1015935,2,6.8,4,0,1,0,133,0,10.7227633,106.6819366
/ho-chi-minh/pure-tea-coffee/binh-luan,Pure Tea Coffee,"A9/23 Ấp 1, X. Vĩnh Lộc V, H. Bình Chánh",696,1076097,2,0.0,0,0,0,0,11,0,10.7761415,106.5780767
/ho-chi-minh/coffee-tra-sua-mi-cay-bao-tran/binh-luan,Coffee Trà Sữa Mì Cay Bảo Trân,"F6/5C Lại Hừng Cường, Ấp 6, X. Vĩnh Lộc B",696,1076623,2,0.0,0,0,0,0,31,0,10.7976525,106.5764401
/ho-chi-minh/mi-quang-quynh-trinh/binh-luan,Mì Quảng Quỳnh Trinh,"E9/17 Thới Hoà, X. Vĩnh Lộc A",696,1058960,2,0.0,0,0,0,0,19,0,10.8295334,106.5789403
/ho-chi-minh/quan-an-toan-ky/binh-luan,Quán Ăn Toàn Ký,B8/4 Võ Văn Vân,696,776681,2,0.0,3,0,0,0,39,0,10.796558362211,106.5770578756928
/ho-chi-minh/to-nhu-quan-an-vat-84-pham-hung.c3q4sx/binh-luan,Tố Như Quán - Ăn Vặt - 84 Phạm Hùng,"84 Phạm Hùng, X. Bình Hưng",696,1000024062,2,0.0,0,0,0,0,8,0,10.7305714,106.6755663
/ho-chi-minh/kim-ngoc-sinh-to-nuoc-ep/binh-luan,Kim Ngọc - Sinh Tố & Nước Ép,Hẻm 51 Phạm Hùng,696,755661,2,0.0,3,0,0,0,59,0,10.7335668,106.6737314
/ho-chi-minh/pho-lau-bo-ngoc-linh-pho-bo-tran-dai-nghia.rnhefa/binh-luan,Phở Lẩu Bò Ngọc Linh - Phở Bò - Trần Đại Nghĩa,"B12/5 Trần Đại Nghĩa, X.Tân Kiên",696,1000037357,2,0.0,0,1,0,0,23,0,10.7233471,106.5983633
/ho-chi-minh/vua-hai-san-thu-duong-9a/binh-luan,Vựa Hải Sản Thu - Đường 9A,"269 Đường 9A, KDC Trung Sơn, X. Bình Hưng",696,1089137,2,0.0,0,0,0,0,25,0,10.7319112689202,106.6897173696934
/ho-chi-minh/e-chip-fastfood-ga-ran-hamburger/binh-luan,E Chip FASTFOOD - Gà Rán & Hamburger,"24 Đường Số 10, X. Bình Hưng",696,1116459,2,0.0,0,0,0,0,26,0,10.7271022942429,106.6508493352209
/ho-chi-minh/bep-me-caka-an-vat-homemade-ap-1/binh-luan,Bếp Mẹ CaKa - Ăn Vặt Homemade - Ấp 1,"A33/27L2 Ấp 1, X. Bình Hưng",696,1000037488,2,0.0,0,0,0,0,27,0,10.7322586,106.6591548
/ho-chi-minh/banh-canh-cua-binh-hung-banh-canh-cua-duong-so-1/binh-luan,Bánh Canh Cua Bình Hưng - Bánh Canh Cua - Đường Số 1,"203 Đường Số 1, X. Bình Hưng",696,1000037342,2,0.0,0,0,0,0,22,0,10.7314267,106.6545653
/ho-chi-minh/bun-thai-long-beo-nguyen-van-linh/binh-luan,Bún Thái Long Béo - Nguyễn Văn Linh,"10 Nguyễn Văn Linh, X. Bình Hưng",696,1116417,2,0.0,0,0,0,0,24,0,10.7273952066379,106.6808564097965
/ho-chi-minh/miki-goi-cuon-goi-cuon-tom-thit-goi-cuon-tai-heo/binh-luan,MIKI Gỏi Cuốn - Gỏi Cuốn Tôm Thịt & Gỏi Cuốn Tai Heo,"MP3.Mizuki , Đường Số 1, Nguyễn Văn Linh, Ấp 3A, Xã Bình Hưng",696,1113206,2,0.0,0,0,0,0,33,0,10.7147299767312,106.662962734325
/ho-chi-minh/barlay-kebab-cn-1-banh-mi-tho-nhi-ki-duong-so-9a.uanu0e/binh-luan,Barlay Kebab Cn 1 - Bánh Mì Thổ Nhĩ Kì - Đường Số 9A,"195 Đường Số 9A, Xã Bình Hưng",696,1000028681,2,0.0,0,0,0,0,7,0,10.7341206,106.6897654
/ho-chi-minh/quan-nhau-phuong-rau/binh-luan,Quán Nhậu Phương Râu,B5/19K Trần Đại Nghĩa,696,694069,2,0.0,0,0,0,0,193,1,10.724365,106.596777
/ho-chi-minh/ga-ac-duoi-bo-tiem-thuoc-bac/binh-luan,Gà Ác & Đuôi Bò Tiềm Thuốc Bắc,"222B2/8 An Phú Tây, Ấp 2, Xã An Phú Tây",696,283023,2,0.0,0,0,0,0,184,0,10.6843190586585,106.6033207252621
/ho-chi-minh/cut-chien-bo-pham-hung/binh-luan,Cút Chiên Bơ - Phạm Hùng,"C3/16 Phạm Hùng, Xã Bình Hưng",696,704253,2,6.8,4,0,1,0,157,0,10.7339460582914,106.6713479161263
/ho-chi-minh/yen-sao-simon-shop-online/binh-luan,Yến Sào Simon - Shop Online,"C9/7B7 Ấp 4, Xã Bình Hưng",696,679248,2,0.0,25,1,0,1,33,0,10.728997,106.67875
/ho-chi-minh/quan-chay-tinh-tam-sen-binh-chanh/binh-luan,Quán Chay Tịnh Tâm Sen - Bình Chánh,"A26/8 Quốc Lộ 50, P. Bình Hưng",696,963274,2,0.0,22,1,0,1,107,0,10.7284234043977,106.6559901074852
/ho-chi-minh/com-tam-ut-lai/binh-luan,Cơm Tấm Út Lài,Đường Số 9,696,662584,2,0.0,0,1,0,1,72,1,10.7255354535127,106.5868070349097
/ho-chi-minh/chacha-tea-food/binh-luan,ChaCha Tea & Food,"Chợ Phong Phú, Quốc Lộ 50",696,711859,2,0.0,10,3,0,1,106,0,10.6916235090875,106.6549904644489
/ho-chi-minh/ali-coffee/binh-luan,Ali Coffee,E2/40A Thới Hòa,696,242157,2,0.0,0,1,0,1,98,1,10.829691,106.577805
/ho-chi-minh/quan-hu-tieu-anh-cuong/binh-luan,Quán Hủ Tiếu Anh Cường,"E10/3 Đinh Văn Ước, Xã Hưng Long",696,1047869,2,0.0,0,1,0,1,37,1,10.661978,106.620836
/ho-chi-minh/ca-phe-tra-sua-sinh-to-rau-ma-duong-so-10/binh-luan,"Cà Phê, Trà Sữa, Sinh Tố & Rau Má - Đường Số 10","33 Đường Sô 10, Khu Dân Cư Ấp 5, Xã Phong Phú",696,1025444,2,0.0,0,1,0,1,26,1,10.727086,106.648916
/ho-chi-minh/bun-dau-a-boo/binh-luan,Bún Đậu A Boo,"75 Đường Số 5, KDC Trung Sơn, Xã Bình Hưng",696,737111,2,0.0,6,3,0,1,117,0,10.736416,106.691245
/ho-chi-minh/minh-229-lau-bo-lau-hai-san-cac-mon-nhau-binh-dan/binh-luan,"Minh 229 - Lẩu Bò, Lẩu Hải Sản & Các Món Nhậu Bình Dân","227 Đường Số 9A, Xã Bình Hưng",696,762496,2,0.0,5,1,0,1,91,0,10.7331,106.689667
/ho-chi-minh/bun-bo-phung-vy/binh-luan,Bún Bò Phụng Vỹ,"E7/68B Thới Hoà, Vĩnh Lộc A",696,1062906,2,0.0,0,0,0,0,14,0,10.830548,106.575424
/ho-chi-minh/bun-rieu-thoi-hoa/binh-luan,Bún Riêu - Thới Hoà,"E7/69B Thới Hoà, Xã Vĩnh Lộc A",696,1062904,2,5.0,0,0,1,0,29,0,10.830547,106.575431
/ho-chi-minh/gach-co-coffee-thoi-hoa/binh-luan,Gạch Cỗ Coffee - Thới Hòa,"E1/43 Thới Hòa, Vĩnh Lộc A",696,904953,2,0.0,3,0,0,0,61,0,10.830437,106.575496
/ho-chi-minh/com-ga-xoi-mo-tra-my/binh-luan,Cơm Gà Xối Mỡ Trà My,"E12/6A Thới Hòa, Xã Vĩnh Lộc A",696,1068841,2,0.0,0,0,0,0,28,0,10.830507,106.575565
/ho-chi-minh/com-ga-xoi-mo-tra-my-com-thoi-hoa.jhhwbb/binh-luan,Cơm Gà Xối Mỡ Trà My - Cơm - Thới Hòa,"7 Thới Hòa, X. Vĩnh Lộc A",696,1000028814,2,0.0,0,0,0,0,6,0,10.83039,106.5757
/ho-chi-minh/pho-bo-kho-banh-mi-thit/binh-luan,Phở Bò Kho & Bánh Mì Thịt,Bờ Nhà Thờ,696,279131,2,0.0,1,0,0,0,71,1,10.6596409008972,106.5660645067692
/ho-chi-minh/bun-bo-hue-dong-ba-thoi-hoa/binh-luan,Bún Bò Huế Đông Ba - Thới Hòa,"E1/46A Thới Hòa, X. Vĩnh Lộc A",696,780026,2,0.0,3,0,0,0,46,0,10.8306867,106.5757533
/ho-chi-minh/bakery-land-banh-ngot-pham-hung.dhacci/binh-luan,Bakery Land - Bánh Ngọt - Phạm Hùng,"54/143/15 Phạm Hùng, X. Bình Hưng",696,1000034171,2,0.0,0,0,0,0,17,0,10.718093,106.6850324
/ho-chi-minh/bun-bo-hue-nam-long/binh-luan,Bún Bò Huế Nam Long,"C7/23A2 Phạm Hùng, Xã Bình Hưng",696,683828,2,5.6,7,0,1,0,166,0,10.730837,106.675667
/ho-chi-minh/chao-long-pham-hung/binh-luan,Cháo Lòng - Phạm Hùng,C9/3 Phạm Hùng,696,788512,2,0.0,1,0,0,0,100,0,10.7285129851065,106.6777725076756
/ho-chi-minh/90s-home-food-quoc-lo-1a.grsyna/binh-luan,90s Home Food - Quốc Lộ 1A,"C4/28 Quốc Lộ 1A, P. Tân Kiên",696,1000032805,2,0.0,0,0,0,0,4,0,10.7102171,106.5984106
/ho-chi-minh/highlands-coffee-kdc-trung-son/binh-luan,Highlands Coffee - 195 Trung Sơn,"195 Đường Số 9A, KDC Trung Sơn, Xã Bình Hưng",696,1055885,2,0.0,0,1,0,1,269,0,10.734137,106.689712
/ho-chi-minh/ga-nuong-vit-nuong-sen-ky-294-quoc-lo-50/binh-luan,Gà Nướng & Vịt Nướng Sen Ký - 294 Quốc Lộ 50,"294 Ấp 6, Quốc Lộ 50, Xã Bình Hưng",696,1055483,2,0.0,0,0,0,0,17,0,10.72578,106.655706
/ho-chi-minh/an-nhien-coffee-tea-chung-cu-ehomes/binh-luan,An Nhiên - Coffee & Tea - Chung Cư Ehomes,"D0 10 Chung Cư Ehomes, X. Bình Hưng",696,1078443,2,0.0,0,0,0,0,46,0,10.7164938,106.660205
/ho-chi-minh/lala-kitchen-chan-ga-tron-do-an-vat-duong-so-1.m0w0wl/binh-luan,Lala Kitchen - Chân Gà Trộn & Đồ Ăn Vặt - Đường Số 1,"MP4 Mizuki Park, Đường Số 1, X. Bình Hưng",696,1000037129,2,0.0,0,0,0,0,4,0,10.7148089,106.662149
/ho-chi-minh/oc-tuyen-cha-oc-ong-nua-cay-cam.xadfrw/binh-luan,Ốc Tuyền - Chả Ốc Ống Nứa - Cây Cám,"B20/13d Ấp 2B Cây Cám, Vĩnh Lộc B",696,1000037122,2,0.0,0,0,0,0,30,0,10.78442,106.5875145
/ho-chi-minh/an-vat-ut-den-banh-trang-tron-full-topping/binh-luan,Ăn Vặt Út Đen - Bánh Tráng Trộn Full Topping,"A26/28F Nguyễn Văn Linh, Ấp 1, X. Bình Hưng",696,1115779,2,0.0,0,0,0,0,4,0,10.7272593,106.6599347
/ho-chi-minh/phuc-an-nguyen-an-vat-tra-sua/binh-luan,Phúc An Nguyên - Ăn Vặt & Trà Sữa,"A1/10 Quốc Lộ 50, Ấp 1, X. Phong Phú",696,1112717,2,0.0,0,0,0,0,33,0,10.6850865912824,106.651924863314
/ho-chi-minh/pha-lau-bo-co-thuy-pham-hung/binh-luan,Phá Lấu Bò Cô Thúy - Phạm Hùng,"C2/33 Phạm Hùng, X. Bình Hưng",696,1115220,2,0.0,0,0,0,0,27,0,10.7177826989519,106.6852841390256
/ho-chi-minh/co-lan-bun-nuoc-leo-pham-hung.gk4zzd/binh-luan,Cô Lan - Bún Nước Lèo - Phạm Hùng,"18 Hẻm C7C Phạm Hùng, X. Bình Hưng",696,1000036768,2,0.0,0,0,0,0,1,0,10.7331855,106.6788412
/ho-chi-minh/co-ut-bakery-banh-bong-lan-trung-muoi-duong-1a.5cuk1x/binh-luan,Cô Út Bakery - Bánh Bông Lan Trứng Muối - Đường 1A,"A5/35S/63 Đường 1A, Vĩnh Lộc B",696,1000036724,2,0.0,0,0,0,0,3,0,10.776099,106.5780894
/ho-chi-minh/sushi-garden-duong-so-1b/binh-luan,Sushi Garden - Đường Số 1B,"27-29 Đường Số 1B, KDC Trung Sơn, X. Bình Hưng",696,1114785,2,0.0,0,0,0,0,25,0,10.7378242,106.6930335
/ho-chi-minh/am-thuc-9a-lau-nuong/binh-luan,Ẩm Thực 9A - Lẩu & Nướng,"189 Đường Số 9A, KDC Trung Sơn, Xã Bình Hưng",696,734993,2,0.0,0,0,0,0,182,0,10.734053,106.689651
/ho-chi-minh/am-thuc-ngan-sang-quan-an-gia-dinh/binh-luan,Ẩm Thực Ngân Sáng - Quán Ăn Gia Đình,"A11/5B Nguyễn Cửu Phú, Xã Tân Kiên",696,650531,2,0.0,91,0,0,0,180,2,10.7262625,106.5813428
/ho-chi-minh/ngoc-chao-long-bun-bo-hue/binh-luan,Ngọc - Cháo Lòng & Bún Bò Huế,"C3/4 Phạm Hùng, X. Bình Hưng",696,755667,2,0.0,4,3,0,1,114,0,10.734188,106.672631
/ho-chi-minh/tra-sua-co-thao/binh-luan,Trà Sữa Cô Thảo,B6/199B Ấp 2,696,203329,2,0.0,4,2,0,1,139,0,10.688528,106.603395
/ho-chi-minh/quan-ngoc-tra-sua-an-vat/binh-luan,Quán Ngọc - Trà Sữa & Ăn Vặt,"44 Phạm Hùng, Xã Bình Hưng",696,683822,2,0.0,3,1,0,1,68,0,10.718032,106.684672
/ho-chi-minh/banh-bao-tho-phat-pham-hung/binh-luan,Bánh Bao Thọ Phát - Phạm Hùng,"C5/18 Phạm Hùng, X. Bình Hưng",696,790842,2,0.0,3,1,0,1,116,0,10.73474,106.6731245
/ho-chi-minh/lucky-cafe-duong-so-10/binh-luan,Lucky Cafe - Đường Số 10,"46 Đường Số 10, KDC Bình Hưng",696,802386,2,0.0,2,2,0,1,26,0,10.727132,106.650545
/ho-chi-minh/dac-san-lang-son-ga-nuong-vit-nuong-la-mac-mat/binh-luan,Đặc Sản Lạng Sơn - Gà Nướng & Vịt Nướng Lá Mắc Mật,"C4/19 Phạm Hùng, P. Bình Hưng",696,734965,2,0.0,2,4,0,1,118,0,10.730105,106.676033
/ho-chi-minh/phuc-tin-quan-an-gia-dinh/binh-luan,Phúc Tín - Quán Ăn Gia Đình,"A12/1 Quốc Lộ 50, P. Bình Hưng",696,883201,2,0.0,1,1,0,1,34,0,10.647615,106.656161
/ho-chi-minh/ut-sinh-pho-bun-bo/binh-luan,Út Sinh - Phở & Bún Bò,E11/10B Thới Hòa,696,781203,2,0.0,1,0,0,0,16,0,10.8303454881523,106.5758310332853
/ho-chi-minh/com-tam-dem-tuyet-nhi/binh-luan,Cơm Tấm Đêm Tuyết Nhi,C1/10A Quách Điêu,696,780009,2,0.0,1,0,0,0,49,0,10.8164112,106.575096
/ho-chi-minh/man-84-my-cay-chan-ga-sa-ot-thoi-hoa.rxylma/binh-luan,Man 84 - Mỳ Cay & Chân Gà Sả Ớt - Thới Hòa,"11E Thới Hòa, Xã Vĩnh Lộc A",696,1000024829,2,0.0,0,0,0,0,19,0,10.830133588024,106.5760595665752
/ho-chi-minh/tra-sua-bom-tea-binh-chanh-take-away/binh-luan,Trà Sữa Bom Tea - Bình Chánh [Take Away],"A5/14G Đường 1A, X. Vĩnh Lộc A",696,1076878,2,0.0,0,0,0,0,0,0,10.7796190139952,106.5732014558205
/ho-chi-minh/com-nhu-y-huong-lo-80/binh-luan,Cơm Như Ý - Hương Lộ 80,"F9/8A Hương Lộ 80, X. Vĩnh Lộc B",696,773859,2,0.0,1,0,0,0,30,0,10.8107978,106.5750076
/ho-chi-minh/tri-ky-quan-bo-to-hai-san/binh-luan,Tri Kỷ Quán - Bò Tơ & Hải Sản,"A3/14Z Võ Văn Vân, P. Vĩnh Lộc B",696,668460,2,0.0,24,0,0,0,144,0,10.7809335497995,106.5734127125397
/ho-chi-minh/tra-sua-bom-tea-binh-chanh-take-away/binh-luan,Trà Sữa Bom Tea - Bình Chánh [Take Away],"A5/14G Đường 1A, X. Vĩnh Lộc B",696,1076875,2,0.0,0,0,0,0,27,0,10.7795347,106.573416
/ho-chi-minh/tyrex-coffee/binh-luan,Tyrex Coffee,"100 - 102 Đường Số 9A, KDC Trung Sơn, Xã Bình Hưng",696,797895,2,3.4,25,0,1,0,126,0,10.736047,106.689417
/ho-chi-minh/pho-quynh-tan-tuc/binh-luan,Phở Quỳnh,1 Tân Túc,696,245466,2,3.6,0,0,1,0,68,1,10.679595,106.586852
/ho-chi-minh/chan-ga-cay-yuyu-shop-online/binh-luan,Chân Gà Cay Yuyu - Shop Online,"C2/12M Phạm Hùng, Xã Bình Hưng",696,971424,2,5.0,0,0,1,0,75,0,10.730434,106.675846
/ho-chi-minh/quan-com-quynh-huong/binh-luan,Quán Cơm Quỳnh Hương,"A6/56 Hương Lộ 80, X. Vĩnh Lộc B",696,774454,2,0.0,1,0,0,0,34,0,10.8114052,106.5757614
/ho-chi-minh/ca-vien-bo-vien-bung-binh-trung-son/binh-luan,Cá Viên Cá Mập - Bùng Binh Trung Sơn,"Đường Số 9A, X. Bình Hưng",696,785519,2,0.0,1,0,0,0,61,0,10.7385817,106.6896327
/ho-chi-minh/banh-mi-thit-cha-lua-bung-binh-trung-son/binh-luan,Bánh Mì Thịt & Chả Lụa - Bùng Binh Trung Sơn,"27-29 Đường Số 9A, X. Bình Hưng",696,785520,2,0.0,1,0,0,0,67,0,10.7386903,106.6896757
/ho-chi-minh/the-villa-coffee-cafe-tra-sua-bui-thanh-khiet.qypxqd/binh-luan,THE VILLA COFFEE - Cafe & Trà Sữa - Bùi Thanh Khiết,"117 Bùi Thanh Khiết, tt. Tân Túc",696,1000036552,2,0.0,0,0,0,0,32,0,10.6783577,106.5788808
/ho-chi-minh/the-coffee-house-now-pham-hung/binh-luan,The Coffee House Now - Phạm Hùng,"Kios số 10 Phạm Hùng, X. Bình Hưng",696,1114030,2,0.0,0,0,0,0,60,0,10.7357122,106.6719238
/ho-chi-minh/hailampham-shop-banh-mousse-cha-chay/binh-luan,Hailampham Shop - Bánh Mousse & Chả Chay,"19.1 B4 Terra Rosa, Nguyễn Văn Linh, X. Phong Phú ",696,1113982,2,0.0,0,0,0,0,26,0,10.7062046339625,106.643683096991
/ho-chi-minh/chao-long-co-ba-chao-long-mien-tay-quoc-lo-50/binh-luan,Cháo Lòng Cô Ba - Cháo Lòng Miền Tây - Quốc Lộ 50,"A22/2 Ấp 1, Quốc Lộ 50, X. Bình Hưng",696,1113859,2,0.0,0,0,0,0,25,0,10.7299804,106.6559239
/ho-chi-minh/ca-phe-nguyen-chat-tra-phi-long-quoc-lo-50/binh-luan,Cà Phê Nguyên Chất & Trà Phi Long - Quốc Lộ 50,"A24/4 Quốc Lộ 50, X. Bình Hưng",696,1092908,2,0.0,0,0,0,0,30,0,10.727718,106.656015
/ho-chi-minh/sup-bao-ngu-ong-xa-kdc-phong-phu-4/binh-luan,Súp Bào Ngư Ông Xã - KDC Phong Phú 4,"24 Đường Số 15D, KDC Phong Phú 4, Xã Phong Phú",696,1019692,2,0.0,0,0,0,0,174,1,10.689359,106.646201
/ho-chi-minh/chan-ga-nuong-bung-binh-trung-son/binh-luan,Chân Gà Nướng - Bùng Binh Trung Sơn,Đường Số 9A,696,785523,2,0.0,1,0,0,0,171,0,10.7385816903827,106.6896326654634
/ho-chi-minh/helen-coffee/binh-luan,Helen Coffee,"299 Đường Số 9A, Khu Dân Cư Trung Sơn",696,738917,2,0.0,0,2,0,0,169,0,10.7306398,106.6895474
/ho-chi-minh/pho-ngoc-quach-dieu/binh-luan,Phở Ngọc - Quách Điêu,"F12/2 Quách Điêu, X, Vĩnh Lộc A",696,774466,2,0.0,1,1,0,1,67,0,10.8196353,106.5760687
/ho-chi-minh/dong-ba-bun-bo-hue-vinh-loc/binh-luan,Đông Ba - Bún Bò Huế - Vĩnh Lộc,A3/20 Vĩnh Lộc,696,773803,2,0.0,1,1,0,1,97,0,10.7970455,106.5772158
/ho-chi-minh/quan-oc-tai-pham-hung/binh-luan,Quán Ốc Tài - Phạm Hùng,"C11/9 Phạm Hùng, Xã Bình Hưng",696,901577,2,0.0,0,1,0,1,85,0,10.726819,106.678437
/ho-chi-minh/funny-beef-spaghetti-beefsteak-trung-son/binh-luan,Funny Beef - Spaghetti & Beefsteak - Trung Sơn,"120 Đường Số 9A, KDC Trung Sơn, Ấp 4B, X. Bình Hưng",696,1068117,2,0.0,0,1,0,1,57,0,10.7364372868141,106.6897816450552
/ho-chi-minh/bo-to-nam-sanh-19-quoc-lo-50/binh-luan,Bò Tơ Năm Sánh 19 - Quốc Lộ 50,"E4/111A Quốc Lộ 50, P. 5",696,978741,2,0.0,0,1,0,1,152,0,10.704297,106.654789
/ho-chi-minh/coffee-gach-co/binh-luan,Coffee Gạch Cổ,E21 Thới Hòa,696,841355,2,0.0,0,0,0,0,16,0,10.830148,106.576621
/ho-chi-minh/quan-an-khang-ky-quach-dieu/binh-luan,Quán Ăn Khang Ký - Quách Điêu,F12/2 Quách Điêu,696,774467,2,0.0,1,1,0,0,41,0,10.8196329827363,106.5760738852674
/ho-chi-minh/lang-nuong-phuong-nhi/binh-luan,Làng Nướng Phương Nhi,"D11/14 Quách Điêu, X. Vĩnh Lộc A",696,1078890,2,0.0,0,0,0,0,43,0,10.8200488,106.576106
/ho-chi-minh/com-tam-na-ni/binh-luan,Cơm Tấm Na Ni,"F2/2H Quách Điêu, P. Vĩnh Lộc A",696,774472,2,0.0,1,0,0,0,37,0,10.8196238,106.5761136
/ho-chi-minh/hung-ut-chao-long/binh-luan,Hùng Út - Cháo Lòng,"C1/6A Quách Điêu, X. Vĩnh Lộc A",696,781245,2,0.0,0,0,0,0,60,0,10.8196452,106.5761381
/ho-chi-minh/bun-dau-mam-tom-quach-dieu/binh-luan,Bún Đậu Mắm Tôm - Quách Điêu,50 Quách Điêu,696,781232,2,1.4,1,0,1,0,139,0,10.8196467,106.5761384
/ho-chi-minh/hu-tieu-mi-bo-kho-quach-dieu/binh-luan,Hủ Tiếu Mì & Bò Kho - Quách Điêu,"C2/1B Quách Điêu, X. Vĩnh Lộc A",696,781241,2,0.0,1,0,0,0,39,0,10.8196381,106.5761399
/ho-chi-minh/mi-quang-chinh-hieu-mien-trung/binh-luan,Mì Quảng Chính Hiệu Miền Trung,"C1/5A1 Quách Điêu, X. Vĩnh Lộc A",696,781244,2,0.0,1,0,0,0,45,0,10.8196397,106.5761404
/ho-chi-minh/them-tra-sua-tra-sua-an-vat-nguyen-van-linh.9gnswc/binh-luan,Thèm Trà Sữa - Trà Sữa & Ăn Vặt - Nguyễn Văn Linh,"Block B Chung Cư Happy City Nguyễn Văn Linh, X. Bình Hưng",696,1000030098,2,0.0,2,0,0,0,27,0,10.7129647,106.6504389
/ho-chi-minh/am-thuc-nuong-tu-an-vat-xien-que/binh-luan,Ẩm Thực Nương Tử - Ăn Vặt & Xiên Que,"A6/22A1 Vĩnh Lộc, Xã Vĩnh Lộc A",696,1058901,2,0.0,0,0,0,0,27,0,10.8151148,106.5812459
/ho-chi-minh/bun-mi-com-zin-kid-muoi/binh-luan,Bún Mì Cơm Zìn Kid Muội,"C1/11B Phạm Hùng, P. Bình Hưng",696,1054000,2,0.0,0,0,0,0,29,0,10.7353054,106.6716733
/ho-chi-minh/pho-24-saigon-mia/binh-luan,Phở 24 - Saigon Mia,"Khu Thương Mại Saigon Mia, Chung Cư Cụm III, IV - Đường 9A KDC Trung Sơn, Xã Bình Hưng",696,1064808,2,2.4,0,0,1,0,55,0,10.733586,106.6892
/ho-chi-minh/oc-trung-pham-hung/binh-luan,Ốc Trung - Phạm Hùng,"C9/10 Phạm Hùng, Xã Bình Hưng",696,868413,2,1.0,0,0,1,0,109,0,10.728591,106.677907
/ho-chi-minh/june-kombucha-nuoc-ep-sua-hat-duong-so-1.bqjxgz/binh-luan,June Kombucha - Nước Ép & Sữa Hạt - Đường Số 1,"Block D Ehome S Nam Sài Gòn Đường Số 1, Xã Bình Hưng",696,1000022704,2,0.0,0,0,0,0,11,0,10.7147194,106.6618327
/ho-chi-minh/tra-sua-miky-pham-hung/binh-luan,Trà Sữa Miky - Phạm Hùng,"C7D/17 Phạm Hùng, Xã Bình Hưng",696,887496,2,0.0,1,0,0,0,34,0,10.7311519925251,106.6764364019036
/ho-chi-minh/minh-tam-am-thuc-chay-quoc-lo-50.mmysxi/binh-luan,Minh Tâm   - Ẩm Thực Chay  - Quốc Lộ 50,"E7/193B-C Quốc Lộ 50, Ấp 5, Xã Phong Phú (Đối Diện Nhà Sách Văn Cừ)",696,1000027107,2,0.0,0,0,0,0,34,0,10.7008527,106.6541881
/ho-chi-minh/an-vat-nha-bo-tun-chan-ga-loc-coc-shop-online/binh-luan,Ăn Vặt Nhà Bơ Tũn - Chân Gà Lóc Cóc - Shop Online,"C2/12F Phạm Hùng, Xã Bình Hưng",696,1069954,2,0.0,0,0,0,0,17,0,10.730579,106.669686
/ho-chi-minh/ca-lam-lau-de-tuoi-rach-ba-lon.2gawqg/binh-luan,Cà Lăm - Lẩu Dê Tươi - Rạch Bà Lớn,"15 Rạch Bà Lớn, Xã Bình Hưng",696,1000035978,2,0.0,0,0,0,0,16,0,10.7277743,106.6495462
/ho-chi-minh/ga-nuong-tam-ot-cho-dem-ga-nuong-nguyen-huu-tri.sm4vgw/binh-luan,Gà Nướng Tắm Ớt Chợ Đệm - Gà Nướng - Nguyễn Hữu Trí,"Số 19 Nguyễn Hữu Trí, P. Tân Túc",696,1000035952,2,0.0,0,0,0,0,26,0,10.6917203,106.5783992
/ho-chi-minh/bep-que-tet-banh-trung-bac-banh-loc-hue/binh-luan,BẾP QUÊ TẾT - BÁNH TRƯNG BẮC & BÁNH LỌC HUẾ,"C13/20/5A Ấp 3B, Xã Vĩnh Lộc B",696,1113168,2,0.0,0,0,0,0,18,0,10.7973028602419,106.5817491860184
/ho-chi-minh/an-vat-huong-luu-banh-trang-tron-banh-trang-shop-online/binh-luan,Ăn Vặt Huong Lưu - Bánh Tráng Trộn & Bánh Tráng - Shop Online,"A20.08 Block A , KDC Happy City Nguyễn Văn Linh, Âp 3, X. Bình Hưng",696,1113193,2,0.0,0,0,0,0,4,0,10.7127361708652,106.6512061207623
/ho-chi-minh/quan-hu-tieu-nam-vang-bo-kho-103-duong-so-1/binh-luan,Quán Hủ Tiếu Nam Vang & Bò Kho 103 - Đường Số 1,"103 Đường Số 1, X. Bình Hưng",696,1112918,2,0.0,0,0,0,0,1,0,10.7282853317216,106.654293183417
/ho-chi-minh/sala-shop-rong-bien-thuc-pham-sach-shop-online/binh-luan,Sala Shop - Rong Biển & Thực Phẩm Sạch - Shop Online,C8/3G Võ Văn Vân,696,223557,2,0.0,0,0,0,0,164,0,10.799052,106.577558
/ho-chi-minh/banh-trang-sa-te-long-an-shop-online/binh-luan,Bánh Tráng Sa Tế Long An - Shop Online,Nguyễn Văn Linh,696,316440,2,0.0,4,0,0,0,163,1,10.7130622823423,106.6464868149414
/ho-chi-minh/thanh-nghiep-bakery-quoc-lo-50/binh-luan,Thành Nghiệp Bakery - Quốc Lộ 50,"A19/12 Quốc Lộ 50, Xã Bình Hưng",696,717602,2,0.0,8,0,0,0,158,0,10.7280614266046,106.6562517732381
/ho-chi-minh/hung-long-quan-nhau-binh-dan/binh-luan,Hưng Long Quán - Nhậu Bình Dân,"C1/26 Hương Lộ 11, Xã Hưng Long",696,632584,2,0.0,2,1,0,0,155,1,10.652749,106.618628
/ho-chi-minh/panda-bento-com-van-phong-shop-online/binh-luan,Panda Bento - Cơm Văn Phòng - Shop Online,"C1/30 A1 Phạm Hùng, Xã Bình Chánh",696,951514,2,0.0,0,1,0,1,114,0,10.733011,106.671916
/ho-chi-minh/hu-tieu-mi-gia/binh-luan,Hủ Tiếu Mì Gia,"A5/39H Liên Ấp 123, Xã Vĩnh Lộc B",696,951945,2,0.0,0,2,0,1,11,0,10.778185,106.578672
/ho-chi-minh/an-vat-di-khanh-ha-cao-quoc-lo-50.grj1rx/binh-luan,Ăn Vặt Dì Khanh - Há Cảo - Quốc Lộ 50,"A33/28E1 Ấp 1, Quốc Lộ 50, Xã Bình Hưng",696,1000028020,2,0.0,0,2,0,1,21,0,10.732441,106.659268
/ho-chi-minh/quan-chay-tinh-thuong-thoi-hoa/binh-luan,Quán Chay Tình Thương - Thới Hòa,"E3/23D Thới Hòa, X. Vĩnh Lộc A",696,780031,2,0.0,1,0,0,0,46,0,10.8291377,106.576727
/ho-chi-minh/tra-sua-minh-anh/binh-luan,Trà Sữa Minh Anh,"F3/22K Liên Ấp 2 - 6, Xã Vĩnh Lộc A",696,781822,2,0.0,1,1,0,0,45,0,10.8181156070675,106.576113402843
/ho-chi-minh/nem-lai-vung-ut-thang/binh-luan,Nem Lai Vung Út Thắng,"A4/219 Võ Văn Vân, Xã Vĩnh Lộc B",696,1055453,2,0.0,0,0,0,0,27,0,10.7882547,106.5747174
/ho-chi-minh/the-gioi-bo-sach-vo-van-van/binh-luan,THẾ GIỚI BÒ SẠCH - VÕ VĂN VÂN,"B11/12 Võ Văn Vân, X. Vĩnh Lộc B (Đầu Hẻm Là TT Anh Ngữ Đông Đô - Gần Liên Ấp 123)",696,1087719,2,0.0,0,0,0,0,51,0,10.7924371,106.5749633
/ho-chi-minh/mi-vit-tiem-song-phuong-vo-van-van/binh-luan,Mì Vịt Tiềm Song Phương - Võ Văn Vân,"B8/5 Ấp 2 Võ Văn Vân, X. Vĩnh Lộc B",696,1111773,2,0.0,0,0,0,0,9,0,10.7853708,106.5748075
/ho-chi-minh/banh-trang-muoi-nhuyen-banh-trang-muoi-nhuyen-ap-6.brqgjc/binh-luan,Bánh Tráng Muối Nhuyễn - Bánh Tráng Muối Nhuyễn - Ấp 6,"F2/4G/9K Ấp 6, X. Vĩnh Lộc B",696,1000024749,2,0.0,0,0,0,0,5,0,10.688829,106.6240138
/ho-chi-minh/taco-rice-com-bo-nhat-ban-d-10a/binh-luan,Taco Rice - Cơm Bò Nhật Bản - Đ.10A,"20 Đ.10A,  X. Bình Hưng",696,1000031802,2,0.0,0,0,0,0,30,0,10.72737,106.654829
/ho-chi-minh/mai-home-bun-ca-ri-ga-duong-so-7/binh-luan,Mai Home - Bún Cà Ri Gà - Đường Số 7,"61 Đường Số 7, Xã Bình Hưng",696,1043652,2,0.0,0,0,0,0,24,0,10.732584,106.690097
/ho-chi-minh/bun-mam-co-hai-sai-gon/binh-luan,Bún Mắm Cô Hai Sài Gòn,"22 Đường Số 9, Khu Trung Sơn, X. Bình Hưng",696,1043663,2,0.0,0,0,0,0,41,0,10.7377648134136,106.6889094686858
/ho-chi-minh/hu-tieu-muc-ong-gia-cali-khu-dan-cu-trung-son/binh-luan,Hủ Tiếu Mực - Ông Già Cali - Khu Dân Cư Trung Sơn,"39 Đường Số 4 , P. Bình Hưng",696,947871,2,0.0,0,2,0,0,100,0,10.739015,106.690353
/ho-chi-minh/goc-cafe-nuoc-ep-sinh-to-duong-so-7/binh-luan,Góc Cafe - Nước Ép & Sinh Tố - Đường Số 7,"76 Đường Số 7, KDC Trung Sơn, X. Bình Hưng",696,1000024987,2,0.0,0,0,0,0,5,0,10.7372244,106.6901386
/ho-chi-minh/com-tam-dai-phuc-com-suon-pham-hung.epat45/binh-luan,Cơm Tấm Đại Phúc - Cơm Sườn - Phạm Hùng,"6 Phạm Hùng, X. Bình Hưng",696,1000035607,2,0.0,0,0,0,0,24,0,10.7183462,106.6855546
/ho-chi-minh/com-tam-bui-tre-com-suon-bi-cha-op-la/binh-luan,Cơm Tấm Bụi Tre - Cơm Sườn Bì Chả & Ốp La,"A27/7 Quốc Lộ 50, X. Bình Hưng",696,1112590,2,0.0,0,0,0,0,93,0,10.7239175,106.6559104
/ho-chi-minh/tiem-tra-nha-shi-tra-sua-tra-dau-pham-hung.s5gdno/binh-luan,Tiệm Trà Nhà Shi - Trà Sữa & Trà Dâu - Phạm Hùng,"C7/17F31 Hẻm C7C Phạm Hùng, X. Bình Hưng",696,1000035388,2,0.0,0,0,0,0,7,0,10.7333563,106.6796866
/ho-chi-minh/diem-tam-sang-trua-my-linh-pham-hung/binh-luan,Điểm Tâm Sáng & Trưa Mỹ Linh - Phạm Hùng,"C3/10 Phạm Hùng, X. Bình Hưng",696,1112626,2,0.0,0,0,0,0,25,0,10.7351776328928,106.6722816927259
/ho-chi-minh/quan-hang-bun-mang-chao-goi-vit/binh-luan,Hằng - Bún Măng Vịt & Cháo - Phạm Hùng,"118 Phạm Hùng, X. Bình Hưng",696,878271,2,0.0,1,0,0,0,27,0,10.7311224,106.6751291
/ho-chi-minh/lias-coffee/binh-luan,Lias Coffee,"B02 Mizuki Pulic, Đường Số 1, Xã Bình Hưng",696,1055212,2,0.0,0,0,0,0,60,0,10.71536,106.663394
/ho-chi-minh/na-coffee-tea-quoc-lo-50/binh-luan,Na Coffee & Tea - Quốc Lộ 50,"E9/258 Quốc Lộ 50, Ấp 5, X. Phong Phú",696,1104749,2,0.0,0,0,0,0,3,0,10.6945352527856,106.6553225697894
/ho-chi-minh/king-xoi-chien-duong-so-9a/binh-luan,King - Xôi Chiên - Đường Số 9A,"44 - 46 Đường Số 9A, Xã Bình Hưng",696,778377,2,6.0,6,0,1,0,100,0,10.737837799142,106.6893929877663
/ho-chi-minh/pho-hong-vo-van-van/binh-luan,Phở Hồng - Võ Văn Vân,B7/10K Võ Văn Vân,696,776680,2,0.0,1,0,0,0,25,0,10.7975009353557,106.5756014361977
/ho-chi-minh/tuong-phat-hu-tieu-nam-vang-quach-dieu/binh-luan,Tường Phát - Hủ Tiếu Nam Vang - Quách Điêu,F12/2B Quách Điêu,696,774468,2,0.0,1,1,0,0,24,0,10.82042806623,106.5769277885556
/ho-chi-minh/tra-sua-taka-trinh-nhu-khue/binh-luan,Trà Sữa Taka - Trịnh Như Khuê,B7/9 Trịnh Như Khuê,696,828603,2,0.0,0,0,0,0,34,0,10.662445,106.568156
/ho-chi-minh/banh-nuong-thuy-binh-chanh/binh-luan,Bánh Nướng Thúy - Bình Chánh,"C9/21 Trịnh Như Khuê, X. Bình Chánh",696,1076508,2,0.0,0,0,0,0,15,0,10.6636189,106.5697756
/ho-chi-minh/ga-ran-momo/binh-luan,Gà Rán Momo,D9/5 Dương Đình Cúc,696,784181,2,0.0,14,0,0,0,64,1,10.698126852927,106.586781579733
/ho-chi-minh/vi-anh-2-com-ga-xoi-mo-hu-tieu-nam-vang/binh-luan,Vi Anh 2 - Cơm Gà Xối Mỡ & Hủ Tiếu Nam Vang,"34 Đường Số 10, KDC Bình Hưng",696,802375,2,0.0,10,1,0,0,91,1,10.733878,106.673414
/ho-chi-minh/bi-tra-sua-nha-lam/binh-luan,Bi - Trà Sữa Nhà Làm,"C11/9 Phạm Hùng, X. Bình Hưng",696,750148,2,0.0,9,0,0,0,22,1,10.727407,106.677987
/ho-chi-minh/tra-sua-be-bin-pham-hung/binh-luan,Trà Sữa Bé Bin - Phạm Hùng,"C3/11/1 Phạm Hùng, X. Bình Hưng",696,1000028070,2,0.0,0,0,0,0,21,0,10.7336,106.6707
/ho-chi-minh/bun-nuoc-leo-lac-lieu-duong-so-10/binh-luan,Bún Nước Lèo Lạc Liêu - Đường Số 10,"84 Đường Số 10, X. Bình Hưng",696,1110836,2,0.0,0,0,0,0,8,0,10.727105,106.651475
/ho-chi-minh/banh-trang-my-tron-ty-pun/binh-luan,Bánh Tráng - Mỳ Trộn - Ty Pun,"A27/7 Quốc Lộ 50, X. Bình Hưng",696,1076521,2,0.0,0,0,0,0,8,0,10.7241494,106.655889
/ho-chi-minh/oanh-house-thuc-pham-dong-lanh-pham-hung.91ww9l/binh-luan,Oanh House - Thực Phẩm Đông Lạnh - Phạm Hùng,"C3/22F7 Phạm Hùng, X. Bình Hưng",696,1000035005,2,0.0,0,0,0,0,9,0,10.7296064,106.6762661
/ho-chi-minh/goi-cuon-bi-cuon-baby-goi-cuon-quoc-lo-50.z3oxkn/binh-luan,Gỏi Cuốn & Bì Cuốn Baby - Gỏi Cuốn - Quốc Lộ 50,"A13/20 Quốc Lộ 50, X. Bình Hưng",696,1000034855,2,0.0,0,0,0,0,22,0,10.7306233,106.6562383
/ho-chi-minh/moi-moi-an-vat-ap-3/binh-luan,Mối Mối - Ăn Vặt - Ấp 3,"C6A/18X, Ấp 3, X. Vĩnh Lộc B",696,1000034827,2,0.0,0,0,0,0,40,0,10.794033,106.578822
/ho-chi-minh/bep-nha-zin-khu-dan-cu-phi-long-5/binh-luan,Bếp Nhà Zin - Khu Dân Cư Phi Long 5,"P1-27 Khu Dân Cư Phi Long 5, X. Bình Hưng",696,1111540,2,0.0,0,0,0,0,26,0,10.7227967,106.6612709
/ho-chi-minh/tra-sua-ocean-pham-hung/binh-luan,Trà Sữa Ocean - Phạm Hùng,"C7D/27/D2 Phạm Hùng, X. Bình Hưng",696,1111317,2,0.0,0,0,0,0,4,0,10.7321357923387,106.6791087429453
/ho-chi-minh/a-bin-tra-sua-banh-trang-tron/binh-luan,A Bin - Trà Sữa & Bánh Tráng Trộn,"C9/29A Ấp 3, Hưng Long",696,1111114,2,0.0,0,0,0,0,5,0,10.6496664,106.6249755
/ho-chi-minh/thuy-moc-nuoc-sam-nha-dam/binh-luan,Thủy Mộc - Nước Sâm & Nha Đam,"B3/12A1 Ấp 1, X. Qui Đức",696,1110365,2,0.0,0,0,0,0,29,0,10.6480487454794,106.6540438890907
/ho-chi-minh/thu-huong-quan-bia-hoi-ha-noi/binh-luan,Thu Hương Quán - Bia Hơi Hà Nội,"229 Đường Số 9A, X. Bình Hưng",696,785037,2,0.0,1,0,0,0,143,0,10.7330339,106.6896291
/ho-chi-minh/minh-ha-coffee-vo-van-van/binh-luan,Minh Hà Coffee - Võ Văn Vân,1B/56 Võ Văn Vân,696,875415,2,0.0,0,0,0,0,9,0,10.787335,106.575501
/ho-chi-minh/xinh-xinh-coffee/binh-luan,Xinh Xinh Coffee,"Đường 1A, Ấp 1A, Xã Vĩnh Lộc B",696,636062,2,0.0,0,0,0,0,44,0,10.778121,106.575003
/ho-chi-minh/rau-cau-hue-sai-gon/binh-luan,Rau Câu Huế Sài Gòn,"B8/15 Võ Văn Vân, P. Vĩnh Lộc B",696,781334,2,0.0,1,0,0,0,38,0,10.7876064,106.5756321999999
/ho-chi-minh/thien-an-ga-ran-pizza-tra-sua/binh-luan,"Thiên An - Gà Rán, Pizza & Trà Sữa","E2/1A1 Thới Hòa, Xã Vĩnh Lộc A",696,1070243,2,0.0,0,0,0,0,23,0,10.8289962339629,106.5780582997901
/ho-chi-minh/lien-hoa-com-chay/binh-luan,Liên Hoa - Cơm Chay,"15/23 Võ Văn Vân, Xã Vĩnh Lộc B",696,779962,2,0.0,7,0,0,0,109,1,10.791014018989,106.5761856796373
/ho-chi-minh/tra-sua-pandan/binh-luan,Trà Sữa Pandan,"C9/63 Võ Văn Vân, Ấp 3, Xã Vĩnh Lộc B",696,766838,2,0.0,6,0,0,0,60,1,10.794308,106.576485
/ho-chi-minh/banh-trang-ba-so/binh-luan,Bánh Tráng Bà Sò,"F8/34 Ấp 6, Vĩnh Lộc, Xã Vĩnh Lôc A",696,924214,2,0.0,5,1,0,0,60,1,10.814424,106.578993
/ho-chi-minh/ngoc-lan-chao-goi-vit/binh-luan,Ngọc Lan - Cháo & Gỏi Vịt ,C3/12 Phạm Hùng,696,272869,2,0.0,4,1,0,0,100,1,10.734647,106.673046
/ho-chi-minh/xuka-an-vat-com-van-phong/binh-luan,Xuka - Ăn Vặt & Cơm Văn Phòng,"16 Đường Số 11, Ấp 5, X. Phong Phú",696,1074072,2,0.0,0,0,0,0,17,0,10.725328,106.645775
/ho-chi-minh/malaysia-food-house/binh-luan,Malaysia Food House,"Hẻm A2 Đường Số 1, KDC Bình Hưng, X. Bình Hưng",696,1049726,2,0.0,0,0,0,0,52,0,10.7315421081155,106.6547929455428
/ho-chi-minh/ca-bo-da-nuong-dac-san-nha-trang/binh-luan,Cá Bò Da Nướng - Đặc Sản Nha Trang,"C7/6 Phạm Hùng, X. Bình Hưng",696,796123,2,0.0,4,1,0,0,102,0,10.731676,106.675011
/ho-chi-minh/bot-chien-hu-tieu-xao-mi-xao/binh-luan,"Bột Chiên, Hủ Tiếu Xào & Mì Xào","146 Phạm Hùng, X. Bình Hưng",696,734967,2,0.0,4,0,0,0,83,0,10.731157,106.675034
/ho-chi-minh/que-huong-quan-com/binh-luan,Quê Hương - Quán Cơm,"C6A/3F Võ Văn Vân, X. Vĩnh Lộc B",696,773849,2,0.0,2,0,0,0,41,0,10.7968781,106.5772508
/ho-chi-minh/bun-thit-nuong-tran-tran-pham-hung/binh-luan,Bún Thịt Nướng Trân Trân - Phạm Hùng,"C7/27/6b Phạm Hùng, X. Bình Hưng",696,1108858,2,0.0,0,0,0,0,3,0,10.731127,106.676363
/ho-chi-minh/phat-ky-com-nui-xao.ypq4hh/binh-luan,Phát Ký - Cơm & Nui Xào ,"K35/35ia2 Nguyễn Văn Linh, X. Bình Hưng",696,1000034178,2,0.0,0,0,0,0,3,0,10.7266409,106.6684967
/ho-chi-minh/chau-chau-food-huong-lo-80.khjsbn/binh-luan,Châu Châu Food - Hương Lộ 80,"F8/17d Hương Lộ 80, X. Vĩnh Lộc A",696,1000034124,2,0.0,0,0,0,0,3,0,10.8141942,106.5798493
/ho-chi-minh/home-food-pizza-hamburger-duong-1a.lj5sl0/binh-luan,Home Food - Pizza & Hamburger - Đường 1A,"A5/35S/63 Đường Số 1A, X. Vĩnh Lộc B",696,1000034035,2,0.0,0,0,0,0,5,0,10.8017118,106.5928131
/ho-chi-minh/susi-shop-pham-hung.zeemdt/binh-luan,SuSi Shop - Phạm Hùng,"C1/A6 Phạm Hùng, X. Bình Hưng",696,1000033926,2,0.0,0,0,0,0,16,0,10.7352522,106.6724972
/ho-chi-minh/tra-sua-nha-nu-tra-sua-truyen-thong-quoc-lo-50.4zukrq/binh-luan,TRÀ SỮA NHÀ NU - Trà Sữa Truyền Thống - Quốc Lộ 50,"Hẻm A23/1k5 Quốc Lộ 50, X. Bình Hưng",696,1000033825,2,0.0,0,0,0,0,19,0,10.7300176,106.6559324
/ho-chi-minh/pink79-coffee-quoc-lo-50/binh-luan,Pink79 Coffee - Quốc Lộ 50,"A11/9G Quốc Lộ 50, X. Bình Hưng",696,1109701,2,0.0,0,0,0,0,13,0,10.7260456,106.6558435
/ho-chi-minh/cafe-sinh-to-trai-cay-duong-so-8/binh-luan,Cafe & Sinh Tố Trái Cây - Đường Số 8,103 Đường Số 8,696,785018,2,3.8,1,0,1,0,72,0,10.7358741,106.6902751
/ho-chi-minh/pho-nguyen-quoc-lo-50/binh-luan,Phở Nguyễn - Quốc Lộ 50,17/24 Quốc Lộ 50,696,794971,2,2.6,5,0,1,0,119,0,10.7220448,106.6557706
/ho-chi-minh/tra-sua-doraemon-duong-lien-ap/binh-luan,Trà Sữa Doraemon - Đường Liên Ấp,"Đường Liên Ấp 1-2-3, Xã Vĩnh Lộc B",696,688095,2,0.0,9,0,0,0,137,0,10.7953625763032,106.5790141191162
/ho-chi-minh/am-thuc-minh-thu-hai-san-de/binh-luan,Ẩm Thực Minh Thư - Hải Sản & Dê,A29/27A1 Quốc Lộ 50,696,727577,2,0.0,17,0,0,0,135,0,10.7303868024959,106.656151428305
/ho-chi-minh/kim-ngan-banh-trang-phoi-suong-shop-online/binh-luan,Bánh Tráng Kim Ngân - Shop Online,"C11/37A4 Pham Hùng, X. Bình Hưng",696,762412,2,0.0,34,0,0,0,133,0,10.728816,106.677168
/ho-chi-minh/ga-ran-viet-sin/binh-luan,Gà Rán Việt Sin,B4/27 Võ Văn Vân,696,773813,2,0.0,1,0,0,0,131,0,10.790612,106.576065
/ho-chi-minh/pho-nam-dinh-quach-dieu/binh-luan,Phở Nam Định - Quách Điêu,"F12/18H Quách Điêu, X. Vĩnh Lộc A",696,779999,2,0.0,1,0,0,0,35,0,10.8207304,106.5776003
/ho-chi-minh/gio-cha-phu-cuong-vo-van-van-shop-online/binh-luan,Giò Chả Phú Cường - Võ Văn Vân - Shop Online,"D20/8/10C Võ Văn Vân, Ấp 4, Vĩnh Lộc B",696,1087243,2,0.0,0,0,0,0,20,0,10.8053926,106.5767336
/ho-chi-minh/com-tam-com-ga-xoi-mo-quach-dieu/binh-luan,Cơm Tấm & Cơm Gà Xối Mỡ - Quách Điêu,"C2/11 Quách Điêu, X. Vĩnh Lộc A",696,780709,2,0.0,1,0,0,0,46,0,10.8203553,106.5776037
/ho-chi-minh/milk-foam-food-thit-ga-tuoi-thit-bo-tuoi/binh-luan,Milk Foam Food - Thịt Gà Tươi & Thịt Bò Tươi,"F1/52 Quách Điêu, X. Vĩnh Lộc A",696,1092401,2,0.0,0,0,0,0,23,0,10.8130029,106.5773275
/ho-chi-minh/trai-cay-sach-tld-trai-cay-vo-van-van.lcfxhj/binh-luan,Trái Cây Sạch TLD - Trái Cây - Võ Văn Vân,"B11B/ 34 Võ Văn Vân, Xã Vĩnh Lộc B",696,1000031138,2,0.0,0,0,0,0,11,0,10.7934252,106.5762635
/ho-chi-minh/tra-sua-rengg-chuan-vi-dai-loan-tra-sua-lien-ap-5-6.8py2vw/binh-luan,Trà Sữa Rengg Chuẩn Vị Đài Loan - Trà Sữa - Liên Ấp 5 - 6,"E5/28 Ấp 5, X.  Vĩnh Lộc A",696,1000023468,2,0.0,0,0,0,0,12,0,10.8212539,106.5843242
/ho-chi-minh/quan-an-bich-thu-duong-lien-ap/binh-luan,Quán Ăn Bích Thu - Đường Liên Ấp,"B5/120/5 Đường Liên Ấp 2-3, Xã Đa Phước",696,953485,2,0.0,3,0,0,0,33,1,10.653898,106.657575
/ho-chi-minh/quan-loan-pho-bo/binh-luan,Quán Loan - Phở Bò,"C10/45 Đinh Đức Thiện, Ấp 3, X. Bình Chánh",696,236075,2,0.0,1,1,0,0,100,2,10.66353,106.570787
/ho-chi-minh/com-24-mon/binh-luan,Cơm 24 Món,B6/16 Quốc Lộ 50,696,245125,2,0.0,1,1,0,0,91,1,10.716146,106.655425
/ho-chi-minh/nam-sen-bo-bia-goi-cuon-vo-van-van.it2hhf/binh-luan,Năm Sen - Bò Bía & Gỏi Cuốn - Võ Văn Vân,"20K Võ Văn Vân, X. Vĩnh Lộc B",696,1000033682,2,0.0,0,0,0,0,25,0,10.8059652,106.5775287
/ho-chi-minh/hao-hao-tra-sua-tra-bi-dao/binh-luan,Hảo Hảo - Trà Sữa & Trà Bí Đao,"C1/26 Phạm Hùng, X. Bình Hưng",696,731398,2,0.0,9,0,0,0,70,0,10.7325273,106.6740885
/ho-chi-minh/minh-foods-banh-mi-duong-so-2b.y8njts/binh-luan,Minh Foods - Bánh Mì - Đường Số 2B,"P12-30 - KDC 6B INTRESCO Đường Số 2B, X. Bình Hưng",696,1000033394,2,0.0,0,0,0,0,31,0,10.7220673,106.6875211
/ho-chi-minh/nha-san-bap-rang-bo-handmade-shop-online/binh-luan,Nhà San - Bắp Rang Bơ Handmade - Shop Online,"Phạm Hùng, Xã Bình Hưng",696,274446,2,0.0,0,0,1,0,126,0,10.733218,106.678379
/ho-chi-minh/che-thai-tuyet-van/binh-luan,Chè Thái Tuyết Vân,D6/6 Nguyễn Thị Tú,696,757864,2,0.0,0,0,0,0,125,1,10.8163435,106.5989464
/ho-chi-minh/bun-cha-ca-nha-trang-banh-canh-gio-heo/binh-luan,Bún Chả Cá Nha Trang & Bánh Canh Giò Heo,"F12/19 Quách Điêu, X. Vĩnh Lộc A",696,780016,2,0.0,1,0,0,0,33,0,10.8173371,106.5776895
/ho-chi-minh/quan-nhau-my-chau/binh-luan,Quán Nhậu Mỹ Châu,F12/13 Vĩnh Lộc,696,691626,2,0.0,0,0,0,0,49,0,10.812555,106.577569
/ho-chi-minh/bun-mam-pham-hung/binh-luan,Bún Mắm - Phạm Hùng,"C6/27 Phạm Hùng, X. Bình Hưng",696,796095,2,0.0,3,0,0,0,56,0,10.733281,106.673863
/ho-chi-minh/oc-trang-pham-hung/binh-luan,Ốc Trang,"C14/24 Phạm Hùng, Xã Bình Hưng",696,253167,2,0.0,1,0,0,0,91,1,10.7204458896762,106.6829320415854
/ho-chi-minh/nam-tien-quan-an-gia-dinh/binh-luan,Năm Tiền - Quán Ăn Gia Đình ,12B3 Trần Đại Nghĩa,696,878186,2,0.0,1,0,0,0,27,1,10.7227054030495,106.5997768566012
/ho-chi-minh/hello-ga-ran-tra-sua/binh-luan,Hello - Gà Rán & Trà Sữa,"29 Đường Số 5, KDC Đại Phúc Green Villas, Xã Bình Hưng",696,880561,2,0.0,1,0,0,0,29,1,10.716682,106.684766
/ho-chi-minh/hien-com-tam-binh-dan/binh-luan,Hiền - Cơm Tấm Bình Dân,"A11/1 Đường Số 10 Quốc Lộ 50, P. Bình Hưng",696,883200,2,0.0,1,0,0,0,21,1,10.730434,106.656082
/ho-chi-minh/banh-mi-ngoc-thu/binh-luan,Bánh Mì Ngọc Thu,1542 Trần Đại Nghĩa,696,718710,2,0.0,1,0,0,0,28,1,10.723462,106.598311
/ho-chi-minh/tra-sua-binh-dan-duong-dinh-cuc/binh-luan,Trà Sữa Bình Dân - Dương Đình Cúc,"C1/27 Dương Đình Cúc, Xã Tân Kiên",696,876470,2,0.0,0,0,0,0,17,0,10.7046360930044,106.5966567832084
/ho-chi-minh/domino-s-pizza-ap-4/binh-luan,Domino's Pizza - Ấp 4,"D7/37A/1 Ấp 4, Xã Hưng Long",696,999674,2,0.0,0,0,0,0,104,0,10.655621,106.692136
/ho-chi-minh/heo-moi-nuong-gia-cay-vo-van-van/binh-luan,Heo Mọi Nướng Giả Cầy - Võ Văn Vân,"C1/4H Võ Văn Vân, Ấp 3, X. Vĩnh Lộc B",696,766842,2,0.0,4,0,0,0,56,0,10.794727,106.576581
/ho-chi-minh/com-ti/binh-luan,CƠM TI,"95 Đường Số 6, KDC Trung Sơn, Xã Bình Hưng",696,1081449,2,0.0,0,0,0,0,12,0,10.7376734710217,106.6906289969892
/ho-chi-minh/bep-co-milk-pham-hung/binh-luan,Bếp Cô Milk - Phạm Hùng,"C4/19A Phạm Hùng, X. Bình Hưng",696,1106843,2,0.0,0,0,0,0,14,0,10.730121,106.67607
/ho-chi-minh/tra-sua-chai-c3-pham-hung.62i6q6/binh-luan,Trà Sữa Chai - C3 Phạm Hùng,"C3/22f7 Phạm Hùng, X. Bình Hưng",696,1000032616,2,0.0,0,0,0,0,6,0,10.73347,106.6705
/ho-chi-minh/an-vat-hong-tham-rong-bien-cuon-cha-bong-nui-lac-kho-bo-la-chanh-shop-online/binh-luan,Ăn Vặt Hồng Thắm - Rong Biển Cuộn Chà Bông & Nui Lắc Khô Bò Lá Chanh - Shop online,"19 Đường Số 9 Khu Dân Cư, Xã Phong Phú",696,1106117,2,0.0,0,0,0,0,5,0,10.728237,106.648576
/ho-chi-minh/heo-con-quan-tra-sua-an-vat-pham-hung/binh-luan,Heo Con Quán - Trà Sữa & Ăn Vặt - Phạm Hùng,"C4/19 Phạm Hùng, Xã Bình Hưng",696,1105739,2,0.0,0,0,0,0,9,0,10.730121,106.676
/ho-chi-minh/banh-tet-tra-vinh-q8-banh-tet-pham-hung/binh-luan,Bánh Tét Trà Vinh Q8 - Bánh Tét - Phạm Hùng,"C1/22/AR ẤP 4 Phạm Hùng, P. Bình Hưng",696,1000032442,2,0.0,0,0,0,0,19,0,10.73608692085,106.672183752035
/ho-chi-minh/an-vat-kim-hoan-duong-so-10/binh-luan,Ăn Vặt Kim Hoàn - Đường Số 10,"52 Đường Số 10, Xã Bình Hưng",696,1104309,2,0.0,0,0,0,0,8,0,10.7273600605622,106.6524239968225
/ho-chi-minh/thao-le-com-tam-dem/binh-luan,Thảo Lê - Cơm Tấm Đêm,"A1/15 Quốc Lộ 50, X. Bình Hưng",696,733291,2,0.0,3,0,0,0,88,0,10.731354,106.655976
/ho-chi-minh/light-coffee-ca-phe-da-tinh-khiet-duong-so-6/binh-luan,Light Coffee - Cà Phê Đá Tinh Khiết - Đường Số 6,"21 Đường Số 6, KDC Greenlife 13C, Xã Phong Phú",696,681710,2,0.0,1,1,0,0,87,0,10.713142,106.643886
/ho-chi-minh/pappa-roti-satra-pham-hung/binh-luan,Pappa Roti - Satra Phạm Hùng,"C7/27B8 Phạm Hùng, Xã Bình Hưng",696,685130,2,0.0,0,0,0,0,122,2,10.7333297321634,106.6739727929234
/ho-chi-minh/bun-dau-mam-tom-duong-so-7/binh-luan,Bún Đậu Mắm Tôm - Đường Số 7,103 Đường Số 7,696,785010,2,0.0,1,1,0,0,121,0,10.7324676640601,106.690040063113
/ho-chi-minh/tra-sua-taka-an-phu-tay-hung-long/binh-luan,Trà Sữa Taka - An Phú Tây Hưng Long,"E1/55 An Phú Tây - Hưng Long, X. Hưng Long",696,1110420,2,0.0,0,0,0,0,13,0,10.6702699456094,106.6135765389877
/ho-chi-minh/lau-bo-80-vo-van-van/binh-luan,Lẩu Bò 80 - Võ Văn Vân,"C7/28 Võ Văn Vân, Ấp 3, Xã Vĩnh Lộc B",696,766834,2,0.0,12,0,0,0,119,0,10.800599,106.576939
/ho-chi-minh/k-a-o-tra-sua-an-vat-lien-ap-5/binh-luan,K.A.O - Trà Sữa & Ăn Vặt - Liên Ấp 5,"E6/1  Đường Liên Ấp 5 - 6,X. Vĩnh Lộc A",696,1000028962,2,0.0,0,0,0,0,16,0,10.8189446,106.5779953
/ho-chi-minh/mi-cay-yummy-2/binh-luan,Mì Cay Yummy 2 - Võ Văn Vân,"C9/3 Võ Văn Vân, Ấp 3, X. Vĩnh Lộc B",696,892426,2,0.0,0,1,0,0,116,0,10.794964,106.576678
/ho-chi-minh/co-nam-com-chien-ga-xoi-mo/binh-luan,Cô Năm - Cơm Chiên Gà Xối Mỡ,A7/9B Võ Văn Vân,696,776685,2,0.0,1,0,0,0,23,0,10.7948569805584,106.5766949392855
/ho-chi-minh/zulia-coffee-vo-van-van/binh-luan,Zulia Coffee - Võ Văn Vân,B10/9K Võ Văn Vân,696,776679,2,0.0,1,0,0,0,52,0,10.7973537,106.5768527
/ho-chi-minh/pho-bun-bap-bo-mien-ga/binh-luan,"Phở, Bún Bắp Bò & Miến Gà",A3/14T Võ Văn Vân,696,776683,2,0.0,1,0,0,0,22,0,10.7954804264053,106.5768278762698
/ho-chi-minh/banh-dai-loan-chau-nguyen-shop-online/binh-luan,Bánh Đài Loan - Châu Nguyễn - Shop Online,"E11/332A/2 Quốc Lộ 50, Xã Đa Phước",696,922263,2,0.0,53,0,0,0,36,0,10.6728478,106.6502809999999
/ho-chi-minh/tra-sua-nha-lam-ok/binh-luan,Trà Sữa Nhà Làm Ok,"A3/7E Nguyễn Cửu Phú, Xã Tân Kiên",696,682710,2,0.0,0,2,0,0,86,3,10.727873,106.5813178999999
/ho-chi-minh/am-thuc-dat-phuong-nam/binh-luan,Ẩm Thực Đất Phương Nam,"E8/9E Nguyễn Hữu Trí, TT. Tân Túc",696,1034518,2,0.0,30,0,0,0,37,0,10.695762,106.589828
/ho-chi-minh/an-vat-be-bong-kho-ga-hat-dieu-banh-dai-loan-binh-chanh/binh-luan,"Ăn Vặt Bé Bông - Khô Gà, Hạt Điều & Bánh Đài Loan - Bình Chánh","72 Đường Số 13, KDC Dương Hồng, Xã Bình Hưng",696,1037457,2,0.0,27,0,0,0,37,0,10.721741,106.662454
/ho-chi-minh/bo-la-lot-mo-chai-trung-son/binh-luan,Bò Lá Lốt Mỡ Chài - Trung Sơn,"Đường Số 4, Xã Bình Hưng",696,732840,2,0.0,3,0,0,0,55,0,10.739083,106.689762
/ho-chi-minh/pho-lam-duong-so-20/binh-luan,Phở Lâm - Đường Số 20,"43 Đường Số 20, KDC Him Lam, Xã Bình Hưng",696,783967,2,0.0,0,0,0,0,79,0,10.730191,106.686732
/ho-chi-minh/tn-foods-store-duong-so-9/binh-luan,TN Foods Store - Đường Số 9,"66 Đường Số 9, Khu Dân Cư Him Lam, X. Bình Hưng",696,1103507,2,0.0,0,0,0,0,35,0,10.734795,106.674011
/ho-chi-minh/co-thao-com-tam-nui-xao-bo-c2-pham-hung.q5btgw/binh-luan,Cô Thảo - Cơm Tấm & Nui Xào Bò - C2 Phạm Hùng,"C2/27 B1 Phạm Hùng, X. Bình Hưng",696,1000032160,2,0.0,0,0,0,0,5,0,10.7228651,106.6811352
/ho-chi-minh/soc-nau-tra-sua-tra-dau-quoc-lo-50.n5vhf0/binh-luan,Sóc Nâu - Trà Sữa & Trà Dâu - Quốc Lộ 50,"E2/48 Quốc lộ 50, Phong Phú",696,1000031944,2,0.0,0,0,0,0,4,0,10.7098607942615,106.6549496604102
/ho-chi-minh/star-coffee-tra-sua/binh-luan,Star - Coffee & Trà Sữa,31 Bùi Thanh Khiết,696,242215,2,0.0,0,0,0,0,115,0,10.686511,106.575798
/ho-chi-minh/bo-ne-5-nhat/binh-luan,Bò Né 5 Nhất,D1/5 Ấp 4 ,696,757466,2,0.0,6,0,0,0,114,0,10.8101928,106.5806574
/ho-chi-minh/bun-rieu-cua-dong-nhi-food-quoc-lo-50/binh-luan,Bún Riêu Cua Đồng Nhi Food - Quốc Lộ 50,"A19/21 Quốc Lộ 50, X. Bình Hưng",696,1109396,2,0.0,1,0,0,0,27,0,10.7239277,106.6565354
/ho-chi-minh/com-ga-mi-quang/binh-luan,Cơm Gà & Mì Quảng,E9/17A Thới Hòa,696,781219,2,0.0,1,0,0,0,31,0,10.8295334305492,106.5789402689397
/ho-chi-minh/oc-dem-vo-van-van/binh-luan,Ốc Đêm - Võ Văn Vân,"C6/13B Võ Văn Vân, Ấp 3, X. Vĩnh Lộc B",696,766823,2,0.0,4,0,0,0,59,0,10.803003,106.577592
/ho-chi-minh/lo-quay-quyen-ky/binh-luan,Lò Quay Quyền Ký,A28/21 Võ Văn Vân,696,776684,2,0.0,1,1,0,0,62,0,10.8004926468784,106.5774689242243
/ho-chi-minh/an-vat-be-ngoc/binh-luan,Ăn Vặt Bé Ngọc,"C3/32 Ấp 3, P. Vĩnh Lộc B",696,941320,2,0.0,16,0,0,0,26,0,10.793981,106.579489
/ho-chi-minh/smile-1-sinh-to-nuoc-ep-an-vat/binh-luan,"Smile 1+ - Sinh Tố, Nước Ép & Ăn Vặt","11/13A Tân Túc, Ấp 3, Xã Tân Quý Tây",696,666116,2,0.0,14,0,0,0,51,0,10.681408,106.585678
/ho-chi-minh/napoli-coffee-duong-so-18/binh-luan,Napoli Coffee - Đường Số 18,"26 Đường Số 18, Khu Dân Cư Him Lam 6A",696,736594,2,0.0,13,2,0,0,71,0,10.7313849848213,106.6871324232788
/ho-chi-minh/tra-sua-duong-so-9/binh-luan,Trà Sữa - Đường Số 9,"19-21 Đường Số 9, Ấp 5, Xã Bình Hưng",696,727128,2,0.0,0,0,0,0,25,0,10.71462723845,106.6842480918004
/ho-chi-minh/an-vat-sophie-an-vat-ap-1/binh-luan,Ăn Vặt Sophie - Ăn Vặt - Ấp 1,"A17/3 Ấp 1, X. Bình Hưng",696,1000024626,2,0.0,0,0,0,0,38,0,10.7236949,106.6604057
/ho-chi-minh/thanh-pho-bun-bo-hue/binh-luan,Thanh - Phở & Bún Bò Huế,"A12/12 Quốc Lộ 50, X. Bình Hưng",696,794564,2,0.0,5,0,0,0,55,0,10.7246972,106.6558529
/ho-chi-minh/tap-hoa-co-meo-trung-gia-vi-nau-an-duong-so-9/binh-luan,Tạp Hóa Cô Mèo - Trứng & Gia Vị Nấu Ăn - Đường Số 9,"128 Đường Số 9, Bình Hưng",696,1092491,2,0.0,0,0,0,0,6,0,10.731530318151,106.6539501382744
/ho-chi-minh/banh-canh-bot-gao-nha-lam-deli-thoi-hoa/binh-luan,Bánh Canh Bột Gạo Nhà Làm Deli - Thới Hòa,"E2/39 Thới Hòa Ấp 5, X. Vĩnh Lộc A",696,1093173,2,0.0,0,0,0,0,3,0,10.8288560547459,106.5856982395824
/ho-chi-minh/tra-sua-ty-muoi-tra-sua-dong-chai-quoc-lo-50/binh-luan,Trà Sữa Tỷ Muội - Trà Sữa Đóng Chai - Quốc Lộ 50,"B1/8C Quốc Lộ 50, X. Bình Hưng",696,1092903,2,0.0,0,0,0,0,3,0,10.722126,106.654877
/ho-chi-minh/winfood-rau-qua-sach-pham-hung/binh-luan,WinFood - Rau Quả Sạch - Phạm Hùng,"C7D/29 Phạm Hùng, X. Bình Hưng",696,1092481,2,0.0,0,0,0,0,3,0,10.7317499,106.6786625
/ho-chi-minh/ga-ran-spanda-ga-ran-duong-so-18.tqhmsw/binh-luan,Gà Rán Spanda - Gà Rán - Đường Số 18,"13 Đường Số 18, X. Bình Hưng",696,1000031314,2,0.0,0,0,0,0,18,0,10.7295766,106.6535894
/ho-chi-minh/trai-cay-tuoi-nguyen-van-linh/binh-luan,Trái Cây Tươi - Nguyễn Văn Linh,"A17/09 Nguyễn Văn Linh, X. Bình Hưng",696,1092189,2,0.0,0,0,0,0,22,0,10.7239209118873,106.6605244101938
/ho-chi-minh/an-vat-co-meo-duong-so-9/binh-luan,Ăn Vặt Cô Mèo - Đường Số 9,"128 Đường Số 9, Khu Dân Cư Bình Hưng, Xã Bình Hưng",696,1091524,2,0.0,0,0,0,0,29,0,10.7313721631648,106.6539608822921
/ho-chi-minh/ga-nuong-vit-nuong-sen-ky-quoc-lo-50/binh-luan,Gà Nướng & Vịt Nướng Sen Ký - Quốc Lộ 50,"11/16 Quốc Lộ 50, Xã Bình Hưng",696,1055471,2,0.0,0,0,0,0,19,0,10.728088,106.656103
/ho-chi-minh/kho-ga-la-chanh-pham-hung/binh-luan,Khô Gà Lá Chanh - Phạm Hùng,"C8/13B2 Phạm Hùng, Xã Bình Hưng",696,876437,2,0.0,2,1,0,0,114,0,10.729886,106.677252
/ho-chi-minh/com-ga-xoi-mo-pham-hung/binh-luan,Cơm Gà Xối Mỡ - Phạm Hùng,"C1/25 Phạm Hùng, Xã Bình Hưng",696,731397,2,0.0,4,0,0,0,111,0,10.7333511438351,106.6735392808914
/ho-chi-minh/ga-ta-khue-thuy/binh-luan,Gà Ta Khuê Thủy,"C6A/19 Võ Văn Vân, Ấp 4, Xã Vĩnh Lộc B",696,766831,2,0.0,5,0,0,0,37,0,10.801459,106.577631
/ho-chi-minh/gia-phat-com-chien-ga-xoi-mo/binh-luan,Gia Phát - Cơm Chiên Gà Xối Mỡ,"C6A/31 Võ Văn Vân, Ấp 3A, X. Vĩnh Lộc B",696,766817,2,0.0,5,0,0,0,52,0,10.801309,106.577623
/ho-chi-minh/bong-den-coffee/binh-luan,Bóng Đèn Coffee,D13/37 Võ Văn Vân,696,773842,2,0.0,1,0,0,0,81,0,10.7986384742693,106.5774803236127
/ho-chi-minh/hong-van-chao-ga-vit/binh-luan,Hồng Vân - Cháo Gà & Vịt,"C8/5 Võ Văn Vân, Ấp 3, Tổ 12, Xã Vĩnh Lộc B",696,766835,2,0.0,4,0,0,0,58,0,10.798878,106.577495
/ho-chi-minh/bun-dau-chi-pheo-vo-van-van/binh-luan,Bún Đậu Chí Phèo -  Võ Văn Vân,"C6/8 Võ Văn Vân, Xã Vĩnh Lộc B",696,1013187,2,0.0,0,0,0,0,17,0,10.8035778999999,106.5778275999999
/ho-chi-minh/dac-san-da-lat-shop-online-pham-hung/binh-luan,Đặc Sản Đà Lạt - Shop Online - Phạm Hùng,"C4/14D2 Phạm Hùng, P. Bình Hưng",696,220804,2,0.0,13,0,0,0,48,0,10.731467,106.67474
/ho-chi-minh/teemo-bbq/binh-luan,Teemo BBQ,Quốc Lộ 50,696,245451,2,0.0,0,0,0,0,66,1,10.675103,106.650682
/ho-chi-minh/banh-trang-co-kieu/binh-luan,Bánh Tráng Cô Kiều,"F7/29I Hương Lộ 80, Xã Vĩnh Lộc A",696,711445,2,0.0,0,1,0,0,93,1,10.8142859484204,106.5789173170924
/ho-chi-minh/joy-coffee-shop/binh-luan,Joy Coffee Shop,"6 Đường Số 6, Khu Dân Cư Him Lam",696,716700,2,0.0,10,0,0,0,80,0,10.7375520844764,106.690069399774
/ho-chi-minh/quan-an-gia-dinh-nghia-phat-lau-ga-la-que/binh-luan,Quán Ăn Gia Đình Nghĩa Phát - Lẩu Gà Lá Quế,"160B/6 Ấp 2, Xã An Phú Tây",696,1084031,2,0.0,0,0,0,0,14,0,10.6844544,106.6025098
/ho-chi-minh/chao-long-mat-ca-pham-hung/binh-luan,Cháo Lòng Mắt & Cá - Phạm Hùng,"C9/2 Phạm Hùng, X. Bình Hưng",696,734963,2,0.0,3,1,0,0,65,0,10.73339,106.673833
/ho-chi-minh/banh-mi-xoi-man-pham-hung/binh-luan,Bánh Mì & Xôi Mặn - Phạm Hùng,"C1/18 Phạm Hùng, X. Bình Hưng",696,788458,2,0.0,1,0,0,0,57,0,10.7358289,106.6719496
/ho-chi-minh/tu-map-bun-bo-hu-tieu-mi-bo-kho/binh-luan,"Tư Mập - Bún Bò, Hủ Tiếu Mì & Bò Kho","C1/18 Phạm Hùng, X. Bình Hưng",696,731401,2,0.0,4,0,0,0,48,0,10.7316682,106.674642
/ho-chi-minh/cha-ca-nha-lam-kim-tien/binh-luan,Chả Cá Nhà Làm - Kim Tiền,"C2/40G Tổ 141 Ấp 4, X. Bình Hưng",696,1090693,2,0.0,0,0,0,0,40,0,10.7308929877659,106.6687822262643
/ho-chi-minh/tra-tra-sua-ty-muoi-lien-tinh-5/binh-luan,Trà & Trà Sữa Tỷ Muội - Liên Tỉnh 5,"B1/8C Liên Tỉnh 5, X. Bình Hưng",696,1089595,2,0.0,0,0,0,0,10,0,10.7315644,106.6557126
/ho-chi-minh/hai-san-oc-beo-duong-so-22/binh-luan,Hải Sản Ốc Beo - Đường Số 22,"50 Đường Số 22, X. Bình Hưng",696,1088851,2,0.0,0,0,0,0,24,0,10.730681,106.652579
/ho-chi-minh/bach-hoa-chi-nga-dinh-duc-thien/binh-luan,Bách Hóa Chị Nga - Đinh Đức Thiện,"D13/6A Đinh Đức Thiện, Ấp 4, X. Bình Chánh",696,1087942,2,0.0,0,0,0,0,24,0,10.6582287156111,106.5810000492648
/ho-chi-minh/sang-cafe-duong-so-9a/binh-luan,Sáng Cafe,"253 Đường Số 9A, KDC Trung Sơn, X. Bình Hưng",696,683809,2,0.0,5,0,0,0,82,1,10.732325,106.689573
/ho-chi-minh/sua-chua-tran-chau-ha-long-duong-so-9a/binh-luan,Sữa Chua Trân Châu Hạ Long - Đường Số 9A,"68 Đường Số 9A, KDC Trung Sơn, Xã Bình Hưng",696,1061512,2,0.0,0,0,0,0,108,0,10.7368526571271,106.6893043083315
/ho-chi-minh/banh-bong-lan-pho-mai-nhat-ban-shop-online/binh-luan,Bánh Bông Lan Phô Mai Nhật Bản - Shop Online,"50A Bờ Tây (Phạm Hùng Nối Dài), Xã Phước Lộc",696,701485,2,0.0,0,0,0,0,106,0,10.7161047040912,106.686977148056
/ho-chi-minh/vua-hai-san-xanh-pham-hung/binh-luan,Vựa Hải Sản Xanh - Phạm Hùng,"Khu Đất C3/6, Phạm Hùng, Ấp 4, X. Bình Hưng",696,1073321,2,0.0,0,0,0,0,106,0,10.73419,106.67319
/ho-chi-minh/pho-ha-thanh-vo-van-van/binh-luan,Phở Hà Thành - Võ Văn Vân,"C6/4 Võ Văn Vân, Ấp 3, X. Vĩnh Lộc B",696,766819,2,0.0,5,0,0,0,32,0,10.804395,106.577966
/ho-chi-minh/anh-tu-quan-de-tuoi/binh-luan,Anh Tư - Quán Dê Tươi,"D20/28A Võ Văn Vân, Ấp 4, X. Vĩnh Lộc B",696,766568,2,0.0,8,0,0,0,84,0,10.804934,106.577998
/ho-chi-minh/moc-lan-coffee-tea/binh-luan,Mộc Lan Coffee & Tea,"D20/28A Võ Văn Vân, Ấp 4, Xã Vĩnh Lộc B",696,957803,2,0.0,7,0,0,0,37,0,10.80515,106.578012
/ho-chi-minh/hoi-an-pho-coffee/binh-luan,Hội An Phố Coffee,"D15/24H Võ Văn Vân, Ấp 4, X. Vĩnh Lộc B",696,766815,2,0.0,5,0,0,0,37,0,10.804696,106.578008
/ho-chi-minh/quan-333-com-binh-dan/binh-luan,Quán 333 - Cơm Bình Dân,"D20/28 Võ Văn Vân, Ấp 4, Xã Vĩnh Lộc B",696,766826,2,0.0,4,0,0,0,49,0,10.805691,106.578072
/ho-chi-minh/quan-com-co-hai/binh-luan,Quán Cơm Cô Hai,"D20 Võ Văn Vân, Ấp 4, X. Vĩnh Lộc B",696,766564,2,0.0,5,0,0,0,42,0,10.805502,106.578071
/ho-chi-minh/com-tam-bun-thit-nuong-vo-van-van/binh-luan,Cơm Tấm & Bún Thịt Nướng - Võ Văn Vân,"C6A/18A Võ Văn Vân, X. Vĩnh Lộc B",696,773851,2,0.0,1,0,0,0,65,0,10.804642,106.578142
/ho-chi-minh/quan-com-hong-thinh/binh-luan,Quán Cơm Hồng Thịnh,"D20/4 Võ Văn Vân, Ấp 4, X. Vĩnh Lộc B",696,766825,2,0.0,4,0,0,0,24,0,10.809024,106.578566
/ho-chi-minh/quan-nhau-binh-dan-404/binh-luan,Quán Nhậu Bình Dân 404,110 Đường Số 9A,696,693108,2,0.0,0,0,0,0,65,1,10.735925,106.689695
/ho-chi-minh/pho-quynh-quoc-lo-1a/binh-luan,Phở Quỳnh - Quốc Lộ 1A,"C4/26 Ấp 3, Quốc Lộ 1A, T.T Tân Túc",696,744116,2,0.0,0,0,0,0,60,1,10.673706,106.579728
/ho-chi-minh/quan-com-thanh-quan/binh-luan,Quán Cơm Thanh Quân,"C1/17 Bùi Thanh Khiết, Thị Trấn Tân Túc",696,655542,2,0.0,0,0,0,0,39,1,10.690343,106.573761
/ho-chi-minh/quan-com-sinh-phuc/binh-luan,Quán Cơm Sinh Phúc,D15/25B Võ Văn Vân,696,242096,2,0.0,0,0,0,0,39,0,10.808698,106.579217
/ho-chi-minh/nhut-truong-com-canh-bun-bun-rieu/binh-luan,"Nhựt Trường - Cơm, Canh Bún & Bún Riêu",D15/39A Võ Văn Vân,696,773845,2,0.0,1,0,0,0,20,0,10.8016715,106.5788644
/ho-chi-minh/hoa-phat-vit-quay-ga-nuong-duong-1a/binh-luan,Hòa Phát - Vịt Quay & Gà Nướng -  Đường 1A,"A5/16A Đường 1A, X. Vĩnh Lộc B",696,1068173,2,0.0,0,1,0,0,46,0,10.7761276939564,106.5834966404418
/ho-chi-minh/sinh-to-nuoc-ep-quoc-lo-50/binh-luan,Sinh Tố & Nước Ép - Quốc Lộ 50,"A11/09D Quốc Lộ 50, X. Bình Hưng",696,794558,2,0.0,4,0,0,0,50,0,10.7245688,106.6558483
/ho-chi-minh/ga-nuong-muoi-ot-chao-ech-singapore-duong-1a/binh-luan,Gà Nướng Muối Ớt & Cháo Ếch Singapore - Đường 1A,"A5/16A Đường 1A, Tổ 20, X. Vĩnh Lộc B",696,1000022945,2,0.0,0,0,0,0,23,0,10.7762979892905,106.583194324679
/ho-chi-minh/hong-phat-banh-mi-an-vat/binh-luan,Hồng Phát - Bánh Mì & Ăn Vặt,"A13/1A Quốc Lộ 50, X. Bình Hưng",696,1047799,2,0.0,0,0,0,0,37,0,10.7198919,106.6557688
/ho-chi-minh/dua-xiem-ben-tre-quoc-lo-1a/binh-luan,Dừa Xiêm Bến Tre,"C11/24A Quốc Lộ 1A, X. Tân Kiên",696,1019402,2,0.0,0,0,0,0,74,0,10.6819655136651,106.589921620768
/ho-chi-minh/hu-tiu-xao-com-ga/binh-luan,Hủ Tíu Xào - Cơm Gà,"16 Đường Số 13, Khu Dân Cư Him Lam, Xã Bình Hưng",696,1029900,2,0.0,0,0,0,0,49,0,10.7298408,106.6872116
/ho-chi-minh/bach-hoa-tong-hop-be-xung-cay-cam/binh-luan,Bách Hóa Tổng Hợp Bé Xứng - Cây Cám,"B14/14/A1 Cây Cám, Ấp 2c, X. Vĩnh Lộc B",696,1087174,2,0.0,0,0,0,0,33,0,10.7842936270743,106.5867628910213
/ho-chi-minh/ga-nuong-dong-que-pham-hung/binh-luan,Gà Nướng Đồng Quê - Phạm Hùng,"C4/24 Phạm Hùng, X. Bình Hưng",696,1087033,2,0.0,0,0,0,0,22,0,10.7296159239769,106.6728535234083
/ho-chi-minh/farm-lily-vua-rau-cu-qua-duong-1a/binh-luan,Farm Lily - Vựa Rau Củ Quả - Đường 1A,"A14B/6 Đường 1A, X. Vĩnh Lộc B",696,1086811,2,0.0,0,1,0,0,33,0,10.7770940128732,106.5832400792213
/ho-chi-minh/katea-shop-thuc-pham-dong-goi/binh-luan,Katea Shop - Thực Phẩm Đóng Gói,"A15/454K Ấp 1, X. Phong Phú",696,1086446,2,0.0,0,0,0,0,5,0,10.6856098,106.5983781
/ho-chi-minh/co-van-bo-my/binh-luan,Cô Vân - Bò Mỹ,"C7/30E1 Ấp 42, Xã Bình Hưng",696,1085901,2,0.0,0,0,0,0,21,0,10.7309421146465,106.6798120662992
/ho-chi-minh/hai-san-xanh-food-pham-hung/binh-luan,HẢI SẢN XANH FOOD - Phạm Hùng,"C3/6 Phạm Hùng, X. Bình Hưng",696,1084469,2,0.0,0,0,0,0,35,0,10.7343622732185,106.6731263522448
/ho-chi-minh/co-vang-foods-suon-que-suon-non/binh-luan,Cô Vàng Foods - Sườn Que & Sườn Non,"B4/12 Quốc Lộ 50, X. Bình Hưng",696,1085850,2,0.0,0,0,0,0,48,0,10.7184559695657,106.655622632692
/ho-chi-minh/pho-lynh/binh-luan,Phở Lynh,"C3/126 Phạm Hùng, Xã Bình Hưng",696,1056125,2,0.0,0,0,0,0,36,0,10.732645,106.669185
/ho-chi-minh/ga-ta-hoi-an-kinh-duong-vuong/binh-luan,Gà Ta Hội An - Kinh Dương Vương,"53/8A An Phú Tây, X. Hưng Long",696,723650,2,0.0,4,0,0,0,104,0,10.6700352,106.6134308
/ho-chi-minh/my-house-coffee-duong-so-15/binh-luan,My House Coffee - Đường Số 15,"63 Đường Số 15, Xã Bình Hưng",696,1053509,2,0.0,2,0,0,0,31,1,10.729646,106.686194
/ho-chi-minh/banh-mi-ha-noi-coto-an-la-ghien-banh-bao-banh-gio-thoi-hoa.avwllc/binh-luan,Bánh Mì Hà Nội Côtô Ăn Là Ghiền - Bánh Bao & Bánh Giò - Thới Hòa,"E4/12a Thới Hòa, X. Vĩnh Lộc A",696,1000029318,2,0.0,0,0,0,0,21,0,10.82941,106.5798
/ho-chi-minh/fs-coffee/binh-luan,FS Coffee,C6A/3B Võ Văn Vân,696,891377,2,0.0,0,0,0,0,8,0,10.804863,106.57848
/ho-chi-minh/ga-ran-cp-five-star-dinh-duc-thien/binh-luan,Gà Rán CP Five Star - Đinh Đức Thiện,"C10/16 Đinh Đức Thiện, X. Bình Chánh",696,1105933,2,0.0,0,1,0,0,16,0,10.6637041,106.5705404
/ho-chi-minh/cop-cafe/binh-luan,Cọp Cafe,E11/9 Thới Hòa,696,624851,2,0.0,3,0,0,0,63,0,10.829341,106.57993
/ho-chi-minh/coffee-sai-gon/binh-luan,Coffee Sài Gòn,C3 Liên Ấp 123,696,921109,2,0.0,0,0,0,0,25,0,10.79705,106.578111
/ho-chi-minh/sup-oc-heo-hang/binh-luan,Súp Óc Heo Hằng,"C7D Phạm Hùng, Xã Bình Hưng",696,975364,2,0.0,1,0,0,0,49,0,10.730739,106.675752
/ho-chi-minh/cam-tu-banh-trang-lui-do-an-vat-shop-online/binh-luan,Cẩm Tú - Bánh Tráng Lụi & Đồ Ăn Vặt - Shop Online,"A34/33G8 Quốc Lộ 50, Ấp 1, Xã Bình Hưng",696,1017875,2,0.0,0,0,0,0,23,0,10.73451,106.662657
/ho-chi-minh/banh-mi-trung-cha-duong-so-9a/binh-luan,Bánh Mì Trứng & Chả - Đường Số 9A,"309 Đường Số 9A, X. Bình Hưng",696,785023,2,0.0,1,0,0,0,84,0,10.7296179,106.6890772
/ho-chi-minh/tiem-banh-quang-anh-banh-mi-bo-toi-bong-lan-trung-muoi-shop-online/binh-luan,Tiệm Bánh Quang Anh - Bánh Mì Bơ Tỏi & Bông Lan Trứng Muối - Shop Online,"15 Đường Số 17, KDC Đồng Diều, X. Bình Hưng",696,1084496,2,0.0,0,0,0,0,59,0,10.7346406,106.6788696
/ho-chi-minh/my-beo-banh-loc-pham-hung.smmfby/binh-luan,My Béo - Bánh Lọc - Phạm Hùng,"15E C5/18 Phạm Hùng, X. Bình Hưng",696,1000029473,2,0.0,0,0,0,0,3,0,10.734712,106.673074
/ho-chi-minh/ga-gan-ao-ca-ga-quoc-lo-50.ckneyl/binh-luan,Gà Gán Ao Cá - Gà - Quốc Lộ 50,"A33/11dl3 Ấp 1 Quốc lộ 50, X. Bình Hưng",696,1000029386,2,0.0,0,0,0,0,3,0,10.7300176,106.6559324
/ho-chi-minh/thien-moc-coffee/binh-luan,Thiên Mộc Coffee,"31 Bùi Thanh Khiết, TT. Tân Túc",696,1061087,2,0.0,0,0,0,0,99,0,10.69074311025,106.5744234494247
/ho-chi-minh/banh-mi-hong-ngoc-duong-so-4/binh-luan,Bánh Mì Hồng Ngọc - Đường Số 4,"39 Đường Số 4, KDC Trung Sơn",696,785035,2,0.0,1,0,0,0,96,0,10.739051,106.690427
/ho-chi-minh/lucky-tea-tra-sua-sinh-to/binh-luan,Lucky Tea - Trà Sữa & Sinh Tố,"C4/20 Phạm Hùng, Ấp 4, Xã Bình Hưng",696,877172,2,0.0,8,0,0,0,95,0,10.72868,106.670957
/ho-chi-minh/quan-com-bep-viet/binh-luan,Quán Cơm Bếp Việt,"D17 Võ Văn Vân, Xã Vĩnh Lộc B",696,1018838,2,0.0,0,0,0,0,10,0,10.813084,106.579058
/ho-chi-minh/bun-bo-cam-tu/binh-luan,Bún Bò Cẩm Tú,"D20/17 Ấp 4, X. Vĩnh Lộc B",696,773847,2,0.0,2,0,0,0,41,0,10.8080558,106.5788069
/ho-chi-minh/neo-cafe-tra/binh-luan,Neo - Cafe & Trà,"F8/37 Ấp 6, Xã Vĩnh Lộc A",696,1057167,2,0.0,0,0,0,0,24,0,10.8141522451688,106.5792084121562
/ho-chi-minh/my-tea-tra-sua-coffee/binh-luan,My Tea - Trà Sữa & Coffee,"D17/10 Võ Văn Vân, P. Vĩnh Lộc B",696,768285,2,0.0,1,0,0,0,77,0,10.8130789028935,106.5791601210653
/ho-chi-minh/nha-nuong-bbq/binh-luan,Nhà Nướng BBQ,"A13/15B Thiên Giang, Xã Tân Túc",696,1050741,2,0.0,10,0,0,0,42,0,10.691099,106.578863
/ho-chi-minh/sen-coffee-coffee-pham-hung.8vmho1/binh-luan,Sen Coffee - Coffee - Phạm Hùng,"C3/18 EH Phạm Hùng, X.Bình Hưng",696,1000026344,2,0.0,0,0,0,0,9,1,10.731846,106.6729029
/ho-chi-minh/si-gon-cafe/binh-luan,Sì Gòn Cafe,"Đường Số 5, Xã Bình Hưng",696,656188,2,0.0,9,0,0,0,89,0,10.7180313,106.6839854
/ho-chi-minh/tra-sua-thai-nha-lam-shop-online/binh-luan,Trà Sữa Thái Nhà Làm - Shop Online,"Hẻm C3 Phạm Hùng, Xã Bình Hưng",696,652803,2,0.0,8,0,0,0,54,0,10.732336,106.669482
/ho-chi-minh/ga-ran-gold-chicken-pham-hung/binh-luan,Gà Rán Gold Chicken - Phạm Hùng,"83 Phạm Hùng, Xã Bình Hưng",696,1013036,2,0.0,0,0,0,0,32,0,10.733583,106.673557
/ho-chi-minh/nuoc-mia-giai-khat-duong-so-9a/binh-luan,Nước Mía & Giải Khát - Đường Số 9A,"307 Đường Số 9A, X. Bình Hưng",696,785024,2,0.0,1,1,0,0,30,0,10.7296179,106.6890772
/ho-chi-minh/shoryu-noodle-hotpot-mi-lau-tu-xuyen-duong-so-7/binh-luan,Shoryu Noodle & Hotpot - Mì & Lẩu Tứ Xuyên - Đường Số 7,"91 Đường Số 7, Ấp 5, Xã Phong Phú",696,1083933,2,0.0,0,0,0,0,36,0,10.725543,106.646599
/ho-chi-minh/kapi-house-tra-sua-nha-lam-pham-hung.zjniu6/binh-luan,Kapi House - Trà Sữa Nhà Làm - Phạm Hùng,"C2/22MT Phạm Hùng, Xã Bình Hưng",696,1000028727,2,0.0,0,0,0,0,10,0,10.7304467,106.6701163
/ho-chi-minh/nuoc-mia-ca-phe-hong-chau-nuoc-mia-cac-loai-quoc-lo-50.ajumlh/binh-luan,Nước Mía & Cà Phê Hồng Châu - Nước Mía Các Loại - Quốc lộ 50,"A33/18UK Quốc lộ 50, X. Bình Hưng",696,1000028290,2,0.0,0,0,0,0,25,0,10.718756,106.6559659
/ho-chi-minh/cooking-house-an-vat-quoc-lo-50.okye5v/binh-luan,Cooking House - Ăn Vặt - Quốc Lộ 50,"A33/16B Quốc lộ 50, X. Bình Hưng",696,1000028056,2,0.0,0,0,0,0,7,0,10.7300188,106.6582946
/ho-chi-minh/com-tam-quoc-lo-50/binh-luan,Cơm Tấm - Quốc Lộ 50,"B10/9 Quốc Lộ 50, Xã Phong Phú",696,879718,2,0.0,1,0,0,0,94,0,10.689544,106.65422
/ho-chi-minh/terra-cafe/binh-luan,Terra Cafe,"Tầng 1 Chung Cư Terra Rosa, Đường Số 7, KDC. Intresco 13E, Xã Phong Phú",696,260231,2,0.0,0,0,0,0,94,0,10.70581,106.644303
/ho-chi-minh/quan-chi-bay-nhau-binh-dan/binh-luan,Quán Chị Bẩy - Nhậu Bình Dân,"Quốc Lộ 50, X. Phong Phú",696,249539,2,0.0,0,0,0,0,93,1,10.690266,106.65442
/ho-chi-minh/lo-banh-mi-hoang-hao/binh-luan,Lò Bánh Mì Hoàng Hảo,"C10/3A Phạm Hùng, X. Bình Hưng",696,731744,2,0.0,3,1,0,0,93,0,10.728584,106.677427
/ho-chi-minh/halo-food-tea-coffee/binh-luan,"Halo - Food, Tea & Coffee","757A/13 Ấp 1, X. An Phú Tây",696,774447,2,0.0,1,0,0,0,92,0,10.6791451,106.6245253
/ho-chi-minh/quan-an-gia-dinh-thanh-thuy/binh-luan,Quán Ăn Gia Đình Thanh Thúy,"C10/21 Đinh Đức Thiện, Ấp 3, X. Bình Chánh ",696,889142,2,0.0,0,0,0,0,34,0,10.663312,106.571081
/ho-chi-minh/ut-quynh-ga-nuong-muoi-ot-vinh-loc/binh-luan,Út Quỳnh - Gà Nướng Muối Ớt - Vĩnh Lộc,"D8/7 Vĩnh Lộc, Xã Vĩnh Lộc A",696,1064768,2,0.0,0,0,0,0,27,0,10.813788,106.579595
/ho-chi-minh/tra-sua-misao/binh-luan,Trà Sữa Misao,"B3/6 Ấp 2, Xã Vĩnh Lộc B",696,965265,2,0.0,0,0,0,0,17,0,10.789174,106.578212
/ho-chi-minh/ga-ta-mien-trung-vo-van-van/binh-luan,Gà Ta Miền Trung - Võ Văn Vân,"D10/25 Võ Văn Vân, Ấp 4, Tổ 10, X. Vĩnh Lộc B",696,766552,2,0.0,5,0,0,0,33,0,10.813091,106.579604
/ho-chi-minh/miutea-ap-2/binh-luan,Miutea - Ấp 2,"B2/34 Ấp 2, Xã Vĩnh Lộ B",696,927067,2,0.0,0,0,0,0,35,0,10.791637,106.57845
/ho-chi-minh/mr-rubi-to-tra-sua/binh-luan,Mr.Rubi Tơ - Trà Sữa,"C7/27B8 Phạm Hùng, Xã Bình Hưng",696,684430,2,0.0,7,0,0,0,36,0,10.7333297321634,106.6739727929234
/ho-chi-minh/hong-phat-2-hu-tieu-nam-vang/binh-luan,Hồng Phát 2 - Hủ Tiếu Nam Vang,"C3/26 Phạm Hùng, Xã Bình Hưng",696,731393,2,0.0,7,0,0,0,75,0,10.731432652031,106.6749766096472
/ho-chi-minh/hoang-my-coffee/binh-luan,Hoàng Mỹ Coffee,"80 Đường Số 1, Xã Bình Hưng",696,802379,2,0.0,6,0,0,0,43,0,10.727325,106.654309
/ho-chi-minh/pho-bac-hai-ha-noi-pham-hung/binh-luan,Phở Bắc Hải Hà Nội - Phạm Hùng,"C3/17 Phạm Hùng, Xã Bình Hưng",696,780926,2,0.0,6,0,0,0,37,0,10.7359117537606,106.6718476736107
/ho-chi-minh/com-tam-diem-2-pham-hung/binh-luan,Cơm Tấm Diễm 2 - Phạm Hùng,"C7/23 A2 Phạm Hùng, Xã Bình Hưng",696,780230,2,0.0,6,0,0,0,50,0,10.7334116676303,106.6738412924075
/ho-chi-minh/com-tam-trung-son/binh-luan,Cơm Tấm Trung Sơn,"Đường Số 7A, Xã Bình Hưng",696,974426,2,0.0,0,0,0,0,55,0,10.729202,106.689632
/ho-chi-minh/luxubu-coffee-milktea-food-duong-so-8/binh-luan,Luxubu Coffee - Milktea & Food - Đường Số 8,"J15, Đường số 8 - KDC Camellia, X. Bình Hưng",696,1082716,2,0.0,0,0,0,0,36,0,10.7197486,106.6627496
/ho-chi-minh/an-vat-x-lan-an-vat-trinh-quang-nghi.k2y5hi/binh-luan,Ăn Vặt X Lan - Ăn Vặt - Trịnh Quang Nghị,"E5/160/1 Trịnh Quang Nghị, Xã Đa Phước",696,1000027942,2,0.0,0,0,0,0,6,0,10.7011588,106.6371316
/ho-chi-minh/thien-truc-coffee-coffee-ba-ca.quyqtk/binh-luan,Thiên Trúc Coffee - Coffee - Bà Cả,"E11/323B Quốc Lộ 50 (đối diện trường THCS Đa Phước, X. Đa Phước",696,1000027719,2,0.0,0,0,0,0,5,0,10.674112535349,106.6507570139137
/ho-chi-minh/tra-u-quan-an-uong-nguyen-van-linh.gur2ol/binh-luan,Trà Ú Quán  - Ăn Uống  - Nguyễn Văn Linh ,"B18/18-H6 Nguyễn Văn Linh, Xã Bình Hưng",696,1000027330,2,0.0,1,0,0,0,27,0,10.7239791674276,106.6657980055078
/ho-chi-minh/beo-food-thuc-pham-dong-lanh-nguyen-van-linh.us0uk7/binh-luan,Beo Food - Thực Phẩm Đông Lạnh - Nguyễn Văn Linh,"Lô D Chung Cư Hạnh Phúc Nguyễn Văn Linh, Xã Bình Hưng",696,1000027431,2,0.0,0,0,0,0,28,0,10.7130629,106.6504416
/ho-chi-minh/com-suon-5g/binh-luan,CƠM SƯỜN 5G,"24 Đường Số 7, Ấp 2, KDC Bình Hưng, X. Bình Hưng",696,1081389,2,0.0,0,0,0,0,15,0,10.7255038,106.6515579
/ho-chi-minh/com-tam-79-pham-hung/binh-luan,Cơm Tấm 79 - Phạm Hùng,C7B/2 Phạm Hùng,696,878306,2,0.0,1,0,0,0,91,0,10.7327674281807,106.6751449182629
/ho-chi-minh/tra-sua-taurus/binh-luan,Trà Sữa Taurus,"A6/15 Quốc Lộ 50, Xã Bình Hưng",696,715249,2,0.0,4,0,0,0,90,0,10.7286214,106.6557908
/ho-chi-minh/che-thai-phuoc-loc/binh-luan,CHÈ THÁI PHƯỚC LỘC,"D7/22 Nguyễn Thị Tú, Xã Vĩnh Lộc B",696,1074214,2,0.0,0,0,0,0,38,0,10.813733,106.579867
/ho-chi-minh/vina-soup-ap-2/binh-luan,Vina Soup - Cháo Dinh Dưỡng - Ấp 2,"B12A Ấp 2, Xã Vĩnh Lộc B",696,944804,2,0.0,1,0,0,0,12,0,10.794154,106.578788
/ho-chi-minh/dang-trieu-hu-tieu-banh-canh-bun-moc/binh-luan,"Đăng Triều - Hủ Tiếu, Bánh Canh & Bún Mọc","B4/33A1 Ấp 2, X. Vĩnh Lộc B",696,773858,2,0.0,1,0,0,0,27,0,10.7940981,106.5787976
/ho-chi-minh/dung-map-oc-dem-25k/binh-luan,Dũng Mập - Ốc Đêm 25K,B7/1 Ấp 2,696,773836,2,0.0,2,0,0,0,43,0,10.7940363032169,106.5788540251659
/ho-chi-minh/pho-phu-quy-lien-ap-123/binh-luan,Phở Phú Quý - Liên Ấp 123,A1/6H1 Liên Ấp 123,696,855909,2,0.0,1,1,0,0,32,0,10.7934665013329,106.5789861872574
/ho-chi-minh/quan-cay-bang-quan-an-gia-dinh/binh-luan,Quán Cây Bàng - Quán Ăn Gia Đình,"Ấp 4, Xã Đa Phước",696,1041980,2,0.0,6,0,0,0,51,0,10.655268,106.652652
/ho-chi-minh/ut-chau-tra-sua-cafe/binh-luan,Út Châu - Trà Sữa & Cafe,"BA01 Đường D3, Xã Phong Phú",696,268912,2,0.0,5,0,0,0,72,0,10.6890744995563,106.649415493011
/ho-chi-minh/phuong-hang-hamburger/binh-luan, Phượng Hằng - Hamburger,"4 Đường Số 5A , KDC Bình Hưng",696,972085,2,0.0,5,1,0,0,68,0,10.7248289912852,106.6528843965816
/ho-chi-minh/chau-s-kitchen-an-vat-online/binh-luan,Châu's Kitchen - Ăn Vặt Online,"KDC Conic, Nguyễn Văn Linh",696,648060,2,0.0,5,2,0,0,41,0,10.7103228387156,106.6427877545356
/ho-chi-minh/quan-an-khanh-hien/binh-luan,Quán Ăn Khánh Hiền,"C9/3 Phạm Hùng, Xã Bình Hưng",696,683832,2,0.0,5,0,0,0,27,0,10.725232,106.679838
/ho-chi-minh/thien-ky-hu-tiu-mi-hoanh-thanh/binh-luan,Thiện Ký - Hủ Tíu Mì Hoành Thánh,"A1/17 Quốc Lộ 50, Xã Bình Hưng",696,715254,2,0.0,5,0,0,0,31,0,10.731149,106.656002
/ho-chi-minh/delta-shop-coffee/binh-luan,Delta Shop Coffee,6 Đường Số 9,696,878304,2,0.0,1,0,0,0,14,0,10.7385343708053,106.6890387609601
/ho-chi-minh/lau-ca-duoi-9999/binh-luan,Lẩu Cá Đuối 9999,"C3/9 Phạm Hùng, P. Bình Hưng",696,1079032,2,0.0,0,0,0,0,69,0,10.7338662,106.6733725
/ho-chi-minh/mp-coffee-duong-so-13/binh-luan,MP Coffee - Đường Số 13,"18 Đường 13, X. Phong Phú",696,1080841,2,0.0,0,0,0,0,9,0,10.7283724,106.6475579
/ho-chi-minh/tam-anh-bun-bo-duong-so-22/binh-luan,Tâm Anh - Bún Bò - Đường Số 22,"13 Đường Số 22, Khu Dân Cư Bình Hưng",696,1000026214,2,0.0,0,1,0,0,27,0,10.7304878207316,106.652719368467
/ho-chi-minh/lau-bo-binh-dan-duong-so-8/binh-luan,Lẩu Bò Bình Dân - Đường Số 8,"40 Đường Số 8, Ấp 2, Khu Dân Cư An Phú Tây, X. An Phú Tây",696,1080008,2,0.0,0,0,0,0,48,0,10.6821024932053,106.6139024549996
/ho-chi-minh/ca-phe-pha-may-ropresso-do-uong-nguyen-cuu-phu.zpphkp/binh-luan,Cà Phê Pha Máy Ropresso - Đồ Uống - Nguyễn Cửu Phú,"1585 Nguyễn Cửu Phú, P.Tân Kiên",696,1000025452,2,0.0,0,0,0,0,5,0,10.7269589,106.5814455
/ho-chi-minh/quan-56-bun-rieu-cua-an-phu-tay.c00t9e/binh-luan,Quán 56 - Bún Riêu Cua - An Phú Tây,"56 An Phú Tây, X.Hưng Long",696,1000025245,2,0.0,0,0,0,0,12,0,10.672372,106.614098
/ho-chi-minh/ga-ta-hoi-an-pham-hung/binh-luan,Gà Ta Hội An - Phạm Hùng,C4/9B Phạm Hùng,696,788498,2,0.0,1,0,0,0,89,0,10.7301923825415,106.6755498947682
/ho-chi-minh/minh-map-quan-pho/binh-luan,Minh Mập - Quán Phở,"375B/8B An Phú Tây - Hưng Long, Xã An Phú Tây",696,289754,2,0.0,0,0,0,0,89,0,10.684267,106.604806
/ho-chi-minh/tan-hoa-vien-cafe/binh-luan,Tân Hoa Viên Cafe,"Quốc Lộ 1A, Xã An Phú Tây",696,260220,2,0.0,0,0,0,0,88,1,10.696056,106.596854
/ho-chi-minh/sam-house-tea-coffee/binh-luan,Sam House - Tea & Coffee,"B5, KDC Hạnh Phúc, Nguyễn Văn Linh, Xã Bình Hưng",696,1001328,2,0.0,0,2,0,0,87,0,10.7131155,106.6482074
/ho-chi-minh/pho-ngoc-hung/binh-luan,Phở Ngọc Hưng,A5/9 Liên Ấp 123,696,243650,2,0.0,0,0,0,0,44,0,10.792055,106.579501
/ho-chi-minh/cafe-117/binh-luan,Cafe 117,B3/2K8 Ấp 2,696,779081,2,0.0,5,0,0,0,16,0,10.6929072432726,106.6013022116113
/ho-chi-minh/ngan-pho-bo-kho/binh-luan,Ngân - Phở Bò Kho,A15/11 Quốc Lộ 50,696,717603,2,0.0,4,0,0,0,31,0,10.7276091,106.6561633
/ho-chi-minh/phuong-hien-banh-mi-thit-nuong-shop-online/binh-luan,Phương Hiền - Bánh Mì Thịt Nướng - Shop Online,"142 Đường Số 7, KDC Trung Sơn, Xã Bình Hưng",696,860575,2,0.0,4,0,0,0,59,0,10.735083,106.690115
/ho-chi-minh/rau-cau-gion/binh-luan,Rau Câu Giòn,"D16/46D Đoàn Nguyễn Tuấn, Ấp 4, Xã Hưng Long",696,1025278,2,0.0,4,0,0,0,19,0,10.6543607717806,106.6156119480729
/ho-chi-minh/quan-40-nui-xao-mi-xao-com-chien/binh-luan,"Quán 40 - Nui Xào, Mì Xào & Cơm Chiên",40 Đường Số 17,696,286680,2,0.0,4,0,0,0,49,0,10.72814,106.651444
/ho-chi-minh/phuong-vy-bun-dau-mam-tom-chan-ga-sa-tac/binh-luan,Phương Vy - Bún Đậu Mắm Tôm & Chân Gà Sả Tắc,"Hương Lộ 11, Xã Hưng Long",696,866028,2,0.0,4,0,0,0,47,0,10.6579506,106.608207
/ho-chi-minh/bun-mam-bun-thai-bo-la-lot-pham-hung/binh-luan,"Bún Mắm, Bún Thái, Bò Lá Lốt - Phạm Hùng","61 Phạm Hùng, X. Bình Hưng",696,1076360,2,0.0,0,0,0,0,55,0,10.7329793,106.6742131
/ho-chi-minh/ca-vien-423/binh-luan,Cá Viên 423,"C13/2D Ấp 5A, X. Bình Hưng",696,1079392,2,0.0,0,0,0,0,10,0,10.727699,106.681386
/ho-chi-minh/sua-gao-1993-pham-hung/binh-luan,Sữa Gạo 1993 - Phạm Hùng,"C1/40KC Phạm Hùng, X. Bình Hưng",696,1000024991,2,0.0,0,0,0,0,7,0,10.7336321,106.674541
/ho-chi-minh/an-nguyen-sinh-to-va-nuoc-ep-c7c-pham-hung.2qgbar/binh-luan,An Nguyên - Sinh Tố Và Nước Ép - C7C Phạm Hùng,"C7/17X Hẻm C7, X. Bình Hưng",696,1000024954,2,0.0,0,0,0,0,4,0,10.732006,106.6762241
/ho-chi-minh/kp-cafe-hat-xay-pham-hung.i7w5ni/binh-luan,KP Cafe - Hạt Xay - Phạm Hùng,"C5/10AB Đường Số 6, X.Bình Hưng",696,1000024659,2,0.0,0,0,0,0,7,0,10.7354654,106.674361
/ho-chi-minh/quan-com-chu-ty-quan-an-pham-hung.psqlm8/binh-luan,Quán Cơm Chú Tỷ - Quán Ăn - Phạm Hùng,"C5/20 Phạm Hùng, X. Bình Hưng",696,1000024598,2,0.0,0,0,0,0,7,0,10.7249671,106.6797911
/ho-chi-minh/katea-an-vat-quoc-lo-50/binh-luan,Katea - Ăn Vặt - Quốc Lộ 50,"A15/454k Quốc lộ 50, Phong Phú",696,1000022800,2,0.0,2,0,0,0,48,0,10.68794,106.655989
/ho-chi-minh/ut-tuyet-hu-tieu-hai-san-bun-mam/binh-luan,Út Tuyết - Hủ Tiếu Hải Sản & Bún Mắm,"C1/7 Ấp 3, X. Vĩnh Lộc B",696,773855,2,0.0,2,0,0,0,34,0,10.7938416,106.5805179
/ho-chi-minh/pho-1/binh-luan,Phở 1,63 Đường Số 1,696,680109,2,0.0,0,0,0,0,24,1,10.7274391589789,106.6543822735548
/ho-chi-minh/am-thuc-huong-viet/binh-luan,Ẩm Thực Hương Việt,C9/1 Phạm Hùng,696,866859,2,0.0,0,0,0,0,85,0,10.729549,106.676567
/ho-chi-minh/sun-shop-nuoc-sam/binh-luan,Sun Shop - Nước Sâm,"C11/30 Đinh Đức Thiện, Xã Bình Chánh",696,674244,2,0.0,0,0,0,0,32,0,10.662733,106.572564
/ho-chi-minh/bun-bo-hue-bo-kho-vo-van-van/binh-luan,Bún Bò Huế & Bò Kho - Võ Văn Vân,"C12/112 Ấp 3, X. Vĩnh Lộc B",696,773853,2,0.0,1,0,0,0,26,0,10.7939167,106.580127
/ho-chi-minh/ut-kim-kim-chi-korea/binh-luan,Út Kim - Kim Chi Korea,Phạm Hùng,696,258066,2,0.0,0,0,0,0,55,1,10.7344177725761,106.6740975156426
/ho-chi-minh/tan-dinh-banh-canh-cua-hu-tieu-nam-vang/binh-luan,Tân Định - Bánh Canh Cua & Hủ Tiếu Nam Vang,A30/10 Quốc Lộ 50,696,717591,2,0.0,4,0,0,0,38,0,10.7297450675307,106.6563151404261
/ho-chi-minh/quan-an-my-linh-hu-tiu-xao-com-ga-xoi-mo/binh-luan,Quán Ăn Mỹ Linh - Hủ Tíu Xào & Cơm Gà Xối Mỡ,"A30/32 Quốc Lộ 50, Xã Bình Hưng",696,717594,2,0.0,4,0,0,0,46,0,10.729669,106.6562082
/ho-chi-minh/pha-lau-bo-quoc-lo-50/binh-luan,Phá Lấu Bò - Quốc Lộ 50,A11/9E Quốc Lộ 50,696,794509,2,0.0,4,0,0,0,69,0,10.7217575,106.6557398
/ho-chi-minh/kimchi-su-hao/binh-luan,Kimchi Su Hào,Đường C5/22,696,265892,2,0.0,3,0,0,0,69,0,10.7341954213116,106.6737350821495
/ho-chi-minh/trai-cay-to-suri/binh-luan,Trái Cây Tô Suri,"C7/7A1 Phạm Hùng, Xã Bình Hưng",696,683824,2,0.0,3,0,0,0,62,0,10.732676,106.674998
/ho-chi-minh/tra-sua-pikachu-tra-sua-an-vat-quoc-lo-50.2qp6k7/binh-luan,Trà Sữa Pikachu - Trà Sữa & Ăn Vặt - Quốc Lộ 50,"D14/416 Quốc Lộ 50, Xã Đa Phước",696,1000024256,2,0.0,0,0,0,0,18,0,10.6697495999871,106.6503590262665
/ho-chi-minh/ly-ly-bun-nuoc-leo-soc-trang-quoc-lo-1a.ky3lvv/binh-luan,Ly Ly - Bún Nước Lèo Sóc Trăng - Quốc Lộ 1A,"C3/17 Quốc lộ 1A, Tân Kiên",696,1000023068,2,0.0,0,0,0,0,4,0,10.7079918,106.5981946
/ho-chi-minh/thuy-lan-coffee/binh-luan,Thủy Lan Coffee,Đường Số 4,696,245096,2,0.0,0,0,0,0,82,1,10.724349,106.654326
/ho-chi-minh/banh-trang-hung-linh/binh-luan,Bánh Tráng Hùng Linh,"B12/4B Trần Đại Nghĩa, Ấp 2, X. Tân Kiên",696,891665,2,0.0,10,0,0,0,71,0,10.7267942,106.5903104999999
/ho-chi-minh/moc-com-tam-cafe/binh-luan,Mộc - Cơm Tấm & Cafe,"49 Đường Số 8, Xã Bình Hưng",696,1055813,2,0.0,0,1,0,0,16,1,10.7201876208537,106.6621596738696
/ho-chi-minh/bun-bo-bun-moc-bon-rom/binh-luan,Bún Bò & Bún Mọc Bốn Ròm,"299 Đường Số 9A, Xã Bình Hưng",696,1038525,2,0.0,0,1,0,0,79,1,10.7309639,106.6895593
/ho-chi-minh/bun-ca-di-quynh/binh-luan,Bún Cá Dì Quỳnh,"Hẻm C7/20 Phạm Hùng, X. Bình Hưng",696,755658,2,0.0,2,0,0,0,81,0,10.731224,106.676127
/ho-chi-minh/sinh-to-nuoc-ep-trai-cay-tu-chon/binh-luan,"Sinh Tố, Nước Ép & Trái Cây Tự Chọn","Chung Cư Hồng Lĩnh Đường Số 9A, X. Bình Hưng",696,890517,2,0.0,0,0,0,0,81,0,10.729956,106.688807
/ho-chi-minh/coffee-pho-huong-lo-80/binh-luan,Coffee Phố - Hương Lộ 80,F9/10 Hương Lộ 80,696,832426,2,0.0,0,0,0,0,11,0,10.815986,106.582408
/ho-chi-minh/bi-da-cafe/binh-luan,Bi Da Cafe,C7 Phạm Hùng,696,204832,2,0.0,3,0,0,0,58,0,10.7327166920633,106.6744163260193
/ho-chi-minh/aqua-tea-coffee/binh-luan, Aqua Tea & Coffee,"9A Đường Số 2A, Khu Dân Cư Intresco",696,711509,2,0.0,3,0,0,0,47,0,10.719896,106.684673
/ho-chi-minh/ngoc-dung-bun-hu-tieu-hoanh-thanh/binh-luan,"Ngọc Dung - Bún, Hủ Tiếu & Hoành Thánh","C3/16A Phạm Hùng, Xã Bình Hưng",696,731391,2,0.0,3,0,0,0,39,0,10.7318421113827,106.674595400691
/ho-chi-minh/quan-hai-cua-nguyen-huu-tri/binh-luan,Quán Hai Cua - Nguyễn Hữu Trí,"26 Nguyễn Hữu Trí, TT. Tân Túc",696,965498,2,0.0,3,0,0,0,54,0,10.6924039891118,106.5772007732817
/ho-chi-minh/pho-thi/binh-luan,Phở Thi,"1 Đường Số 06, Khu Dân Cư Trung Sơn, Xã Bình Hưng",696,918666,2,0.0,2,0,0,0,18,0,10.737618,106.68973
/ho-chi-minh/chel-s-banh-ngot-tiramisu/binh-luan,Chel's - Bánh Ngọt & Tiramisu,"136 Đường Số 13, Ấp 2, X. Bình Hưng",696,1076364,2,0.0,0,1,0,0,40,0,10.731065,106.6531573
/ho-chi-minh/bun-cha-ca-nha-trang-co-tu-quan-an-mon-an-sang-quoc-lo-50/binh-luan,"Bún Chả Cá Nha Trang Cô Tư - Quán Ăn, Món Ăn Sáng - Quốc Lộ 50","A28/19IA2 Quốc Lộ 50, Ấp 1, P. 1, Xã Bình Hưng",696,1000022712,2,0.0,0,0,0,0,46,0,10.7292222,106.6583056
/ho-chi-minh/oc-nhay-457-quoc-lo-50/binh-luan,Ốc Nhảy - 457 - Quốc Lộ 50,"E9/243B Quốc Lộ 50, X. Phong Phú (Dãy Trọ Chín Mèo)",696,1000022700,2,0.0,0,0,0,0,20,0,10.7024947,106.6562897
/ho-chi-minh/bo-ne-c1-52-pham-hung/binh-luan,Bò Né - C1/52 Phạm Hùng,C1/52 Phạm Hùng,696,878280,2,0.0,1,0,0,0,81,0,10.7348420512759,106.6709328442812
/ho-chi-minh/bao-tran-cafe-quoc-lo-50/binh-luan,Bảo Trân Cafe - Quốc Lộ 50,"B6/28 Quốc Lộ 50, Xã Phong Phú",696,879722,2,0.0,1,0,0,0,79,0,10.691068,106.654989
/ho-chi-minh/mio-coffee/binh-luan,Mio Coffee,40 Đường 6C,696,688333,2,0.0,0,0,0,0,79,0,10.7366674,106.6901914999999
/ho-chi-minh/cong-hau-1-com-ga-xoi-mo/binh-luan,Công Hậu 1 - Cơm Gà Xối Mỡ,B4/20C Trần Đại Nghĩa,696,784842,2,0.0,1,0,0,0,78,0,10.7227590988174,106.6002687066793
/ho-chi-minh/pho-quynh-bui-thanh-khiet/binh-luan,Phở Quỳnh,Bùi Thanh Khiết,696,242233,2,0.0,0,0,0,0,56,0,10.686794,106.575403
/ho-chi-minh/com-tam-canh-bun-ap-3/binh-luan,Cơm Tấm & Canh Bún - Ấp 3,"C2/7 Ấp 3, X. Vĩnh Lộc B",696,773854,2,0.0,2,0,0,0,65,0,10.7936088,106.5815479
/ho-chi-minh/bun-nuoc-leo-soc-trang-bui-thanh-khiet/binh-luan,Bún Nước Lèo Sóc Trăng,17 Bùi Thanh Khiết,696,242243,2,0.0,0,0,0,0,48,0,10.686932,106.575794
/ho-chi-minh/pho-minh-hoang/binh-luan,Phở Minh Hoàng,Đinh Đức Thiện,696,245456,2,0.0,0,0,0,0,33,0,10.661791,106.574843
/ho-chi-minh/libicha-milk-tea-coffee/binh-luan,LiBiCha - Milk Tea & Coffee,"F9/18A2 Hương Lộ 80, Xã Vĩnh Lộc A",696,1052531,2,0.0,2,0,0,0,26,0,10.8172921196461,106.5838149654617
/ho-chi-minh/co-tuyet-sinh-to-ca-cao-dua/binh-luan,Cô Tuyết - Sinh Tố & Ca Cao Dừa,31 Đường Số 9,696,755664,2,0.0,2,0,0,0,38,0,10.7282833,106.6537989999999
/ho-chi-minh/hai-lam-quan/binh-luan,Hải Lâm Quán - Quán Gia Đình,"279 Đường Số 9A, Xã Bình Hưng",696,952893,2,0.0,2,0,0,0,25,0,10.731517,106.689596
/ho-chi-minh/lakai-coffee/binh-luan,Lakai Coffee,239 - 241 Hưng Nhơn,696,812539,2,0.0,0,0,0,0,27,0,10.713659,106.59288
/ho-chi-minh/bun-cha-met-mong-che/binh-luan,Bún Chả Mẹt Mộng Chè,"2 - 4 Đường Số 1, KDC Trung Sơn, Xã Bình Hưng",696,1070676,2,0.0,0,0,0,0,35,0,10.739042,106.692418
/ho-chi-minh/bun-cha-ca-nha-trang-pham-hung/binh-luan,Bún Chả Cá Nha Trang - Phạm Hùng,"C7/15A10 Phạm Hùng, x. Bình Hưng",696,1069546,2,0.0,0,0,0,0,46,0,10.732283,106.677341
/ho-chi-minh/tra-sua-kapi-house/binh-luan,Trà Sữa Kapi House,"C2/22 MT, Phạm Hùng, Xã Bình Hưng",696,1068889,2,0.0,0,0,0,0,17,0,10.7311326613569,106.6699180340127
/ho-chi-minh/quan-an-gia-dinh-duong-so-1/binh-luan,Quán Ăn Gia Đình,"168 Đường Số 1, X. Bình Hưng",696,262028,2,0.0,9,0,0,0,68,0,10.7381361,106.693334
/ho-chi-minh/pho-huynh-999/binh-luan,Phở Huỳnh 999,"C9/16AB Phạm Hùng, Xã Bình Hưng",696,683835,2,0.0,2,0,0,0,74,0,10.726756,106.678962
/ho-chi-minh/bready-banh-mi-tuoi-burger-dia-bay-by-kitchen-trung-son/binh-luan,Bready Bánh Mì Tươi - Burger Đĩa Bay By Kitchen Trung Sơn,"120 Đường Số 9A, KDC Trung Sơn",696,1079018,2,0.0,0,0,0,0,52,0,10.7364378,106.6897522
/ho-chi-minh/tra-sua-to-ko/binh-luan,Trà Sữa To Ko,"E9/5T Ấp 5A, P. Vĩnh Lộc A",696,1076187,2,0.0,1,0,0,0,26,0,10.8231107,106.58458
/ho-chi-minh/ba-phi-pho-bun-bo/binh-luan,Ba Phi - Phở & Bún Bò,Đường Số 4,696,647154,2,0.0,1,0,0,0,43,0,10.794748626658,106.5835049003362
/ho-chi-minh/linh-dan-cafe/binh-luan,Linh Đan Cafe,"Liên Ấp 123, Vĩnh Lộc B",696,671445,2,0.0,0,0,0,0,24,0,10.782939,106.582978
/ho-chi-minh/mut-dua-ngoc-giau/binh-luan,Mứt Dừa Ngọc Giàu,Đường Số 9A,696,733996,2,0.0,2,0,0,0,34,0,10.731594,106.689329
/ho-chi-minh/sunrise-kebab-pham-hung/binh-luan,Sunrise Kebab - Phạm Hùng,"C5/20 Phạm Hùng, Xã Bình Hưng",696,975439,2,0.0,2,0,0,0,31,0,10.733657,106.673681
/ho-chi-minh/mizu-coffee-food/binh-luan,Mizu Coffee & Food,"Shop House B-06 Mizuki Park, Xã Bình Hưng",696,1066346,2,0.0,0,0,0,0,12,0,10.7162059983372,106.6610945974816
/ho-chi-minh/ma-que-nem-nuong-bun-ca-hau-nuong/binh-luan,"Mạ Quê - Nem Nướng, Bún Cá & Hàu Nướng","Lốc 4 Chung Cư Plaza Nguyễn Văn Linh, X. An Phú Tây",696,1063860,2,0.0,0,1,0,0,49,0,10.6943388864012,106.6065814799769
/ho-chi-minh/hamburger-hotdog-kenbo/binh-luan,Hamburger Hotdog Kenbo,"C3/12 Ấp 4, Phạm Hùng, Xã Bình Hưng",696,1059113,2,0.0,0,0,0,0,33,0,10.732724,106.674154
/ho-chi-minh/chao-suon-co-giang-duong-so-9a/binh-luan,Cháo Sườn Cô Giang - Đường Số 9A,"120 Đường Số 9A, Xã Bình Hưng",696,1049595,2,0.0,0,0,0,0,65,0,10.73509,106.689296
/ho-chi-minh/ca-phe-gian/binh-luan,Cà Phê Giản,"73 Nguyễn Văn Linh, Xã Bình Hưng",696,1059869,2,0.0,0,0,0,0,38,0,10.727495,106.67705
/ho-chi-minh/house-of-chay-giao-tan-noi-duong-so-9a/binh-luan,House Of Chay - Giao Tận Nơi - Đường Số 9A,"120 Đường Số 9A, Xã Bình Hưng",696,1059927,2,0.0,0,0,0,0,47,0,10.7352215,106.6893202
/ho-chi-minh/an-vat-h2-tan-liem/binh-luan,Ăn Vặt H2 - Tân Liêm,"C5/147B Ấp3 Tân Liêm, Xã Phong Phú",696,893623,2,0.0,8,0,0,0,31,0,10.6871615,106.6470005999999
/ho-chi-minh/minh-bakery/binh-luan,Minh Bakery,"P12 - 30, Đường 2B, Khu Dân Cư 6B Intrexco, Xã Bình Hưng",696,988707,2,0.0,0,0,0,0,75,0,10.721819,106.68742
/ho-chi-minh/ha-cao-banh-he-pham-hung/binh-luan,Há Cảo & Bánh Hẹ - Phạm Hùng,C1/26 Phạm Hùng,696,788482,2,0.0,1,0,0,0,72,0,10.7362701,106.6716507
/ho-chi-minh/trixie/binh-luan,Trixie,"20H6 Trần Đại Nghĩa, Ấp 1",696,1070735,2,0.0,0,0,0,0,21,0,10.7296313,106.5802524
/ho-chi-minh/lam-van-song-nhi-bun-bo-hue/binh-luan,Lâm Vân Song Nhị - Bún Bò Huế,"A13/20D Nguyễn Hữu Trí, T. T Tân Túc",696,886888,2,0.0,1,0,0,0,32,0,10.691565,106.578447
/ho-chi-minh/mi-xao-gion-ap-5/binh-luan,Mì Xào Giòn - Ấp 5,"E6/1 Ấp 5, Xã Vĩnh Lộc A",696,929625,2,0.0,0,0,0,0,28,0,10.828438,106.586419
/ho-chi-minh/home-coffee-pham-hung/binh-luan,Home Coffee,"355 Phạm Hùng, P. Bình Hưng",696,266310,2,0.0,1,0,0,0,67,0,10.7249671,106.6797911
/ho-chi-minh/mi-quang-nam-anh/binh-luan,Mì Quảng Nam Anh,"C15 Quốc Lộ 1A, Xã Tân Kiên",696,902681,2,0.0,1,0,0,0,21,0,10.7100785,106.5988646999999
/ho-chi-minh/thanh-huy-2-tra-sua-sinh-to/binh-luan,Thanh Huy 2 - Trà Sữa & Sinh Tố,B12/5 Trần Đại Nghĩa,696,878183,2,0.0,1,0,0,0,24,0,10.7228183947463,106.5995458513498
/ho-chi-minh/phuong-nam-cafe-tran-dai-nghia/binh-luan,Phương Nam Cafe - Trần Đại Nghĩa,16B6F Trần Đại Nghĩa ,696,878189,2,0.0,1,0,0,0,26,0,10.722607894146,106.5997319296002
/ho-chi-minh/com-chao-mien-ga-ta-pham-hung/binh-luan,"Cơm, Cháo & Miến Gà Ta - Phạm Hùng",C3/4 Phạm Hùng,696,878274,2,0.0,1,0,0,0,37,0,10.7342754677856,106.6720308735966
/ho-chi-minh/quan-an-y-bao-ngoc/binh-luan,Quán Ăn Ý Bảo Ngọc,"Đường Hưng Nhơn (Ngay Cầu Hưng Nhơn), X. Tân Kiên",696,1060847,2,0.0,0,1,0,0,42,0,10.715664,106.586852
/ho-chi-minh/banh-mi-cona-duong-so-1/binh-luan,Bánh Mì Cona - Đường Số 1,"85 Đường Số 1, P. Bình Hưng",696,1061572,2,0.0,0,0,0,0,20,0,10.7274129623271,106.6542497864321
/ho-chi-minh/ga-ran-khoai-lang-lac-pham-hung/binh-luan,Gà Rán & Khoai Lang Lắc - Phạm Hùng,C9/4A1 Phạm Hùng,696,788511,2,0.0,1,1,0,0,71,0,10.7284700895559,106.6777610615845
/ho-chi-minh/bun-nuoc-leo-soc-trang-dua-sap-tra-vinh/binh-luan,Bún Nước Lèo Sóc Trăng & Dừa Sáp Trà Vinh,"Hưng Long - Qui Đức, X. Hưng Long",696,286350,2,0.0,0,0,0,0,71,0,10.657434,106.64085
/ho-chi-minh/oc-dep-duong-so-1/binh-luan,Ốc Đẹp - Đường Số 1,"A1/12 A9 Đường Số 1, Xã Bình Hưng",696,723850,2,0.0,1,0,0,0,70,0,10.7328185,106.6913661
/ho-chi-minh/tra-sua-an-vat-phuong-dung/binh-luan,Trà Sữa & Ăn Vặt - Phương Dung,"21 Đường 3A, Khu Dân Cư Gia Hòa, X. Phong Phú",696,1077672,2,0.0,0,0,0,0,28,0,10.7065904,106.6522046
/ho-chi-minh/quan-com-thien-vy/binh-luan,Quán Cơm Thiên Vy,"D20/526A Ấp 4, Trịnh Quang Nghị, X. Phong Phú",696,1076614,2,0.0,0,0,0,0,17,0,10.7003648,106.6396574
/ho-chi-minh/phuong-sinh-to-giai-khat/binh-luan,Phương - Sinh Tố & Giải Khát,"20 - 22 Đường Số 9A, X. Bình Hưng",696,778378,2,0.0,5,1,0,0,35,0,10.737401,106.689392
/ho-chi-minh/milano-coffee-nguyen-cuu-phu/binh-luan,Milano Coffee - Nguyễn Cửu Phú,"1273 Nguyễn Cửu Phú, Xã Tân Kiên",696,1058339,2,0.0,0,0,0,0,17,0,10.7236645063304,106.5813132144158
/ho-chi-minh/sapa-cafe-nguyen-cuu-phu/binh-luan,Sapa Cafe - Nguyễn Cửu Phú,"A12/14 Nguyễn Cửu Phú, Ấp 1, Xã Tân Kiên",696,766334,2,0.0,0,0,0,0,42,0,10.708827,106.580628
/ho-chi-minh/dat-sai-gon-cafe-duong-so-5/binh-luan,Đất Sài Gòn Cafe - Đường Số 5,8 Đường Số 5,696,785011,2,0.0,1,0,0,0,25,0,10.7381887765445,106.6912069300595
/ho-chi-minh/hu-tieu-mi-nui-banh-canh-duong-so-8/binh-luan,"Hủ Tiếu Mì, Nui & Bánh Canh - Đường Số 8",23 Đường Số 8,696,785015,2,0.0,1,0,0,0,30,0,10.7358167700391,106.6907211765647
/ho-chi-minh/quan-com-binh-dan-pham-hung/binh-luan,Quán Cơm Bình Dân - Phạm Hùng,C1/12E Phạm Hùng,696,788486,2,0.0,1,0,0,0,44,0,10.7350992492613,106.6728803358133
/ho-chi-minh/sinh-to-cafe-pham-hung/binh-luan,Sinh Tố & Cafe - Phạm Hùng,C6/28 Phạm Hùng,696,788488,2,0.0,1,0,0,0,37,0,10.7351263308479,106.6724586859345
/ho-chi-minh/com-van-phong-ten-lua-duong-so-9a/binh-luan,Cơm Văn Phòng Tên Lửa - Đường Số 9A,120 Đường Số 9A,696,1058234,2,0.0,0,0,0,0,25,0,10.7364544,106.6897313
/ho-chi-minh/s-l-do-an-do-uong/binh-luan,S & L - Đồ Ăn & Đồ Uống,"C3/21 T2 Phạm Hùng, Xã Bình Hưng",696,1058144,2,0.0,0,0,0,0,22,0,10.7340141387124,106.6714176711451
/ho-chi-minh/hong-phuc-sua-bap-che-duong-nhan-shop-online/binh-luan,Hồng Phúc - Sữa Bắp & Chè Dưỡng Nhan - Shop Online,"B5/1 Trần Đại Nghĩa, Xã Tân Kiên",696,1058093,2,0.0,0,0,0,0,19,0,10.722454,106.599325
/ho-chi-minh/cam-tu-cafe-nuoc-ep-trai-cay-tra-dao-duong-so-9/binh-luan,Cẩm Tú - Cafe - Nước Ép Trái Cây & Trà Đào - Đường Số 9,"Cạnh 66 Đường Số 9 Khu Trung Sơn, X. Bình Hưng",696,1000000553,2,0.0,0,0,0,0,26,0,10.7358626,106.6888594
/ho-chi-minh/lang-coffee-khu-dan-cu-van-lang/binh-luan,Lang Coffee - Khu Dân Cư Văn Lang,"1 Đường Số 1, KDC Văn Lang, Xã Bình Hưng",696,880562,2,0.0,1,0,0,0,68,0,10.721097,106.680336
/ho-chi-minh/banh-nuong-thuy-binh-chanh/binh-luan,Bánh Nướng Thúy - Bình Chánh,"C9/21 Trịnh Như Khuê, X. Bình Chánh",696,1076508,2,0.0,0,0,0,0,16,0,10.6636189,106.5697756
/ho-chi-minh/com-binh-dan-thao-vy/binh-luan,Cơm Bình Dân Thảo Vy,C3/33AB Phạm Hùng,696,878282,2,0.0,1,0,0,0,17,0,10.7341130689498,106.6715916618704
/ho-chi-minh/com-ga-xoi-mo-c1-11-lt-pham-hung/binh-luan,Cơm Gà Xối Mỡ - C1/11/LT Phạm Hùng,C1/11/LT Phạm Hùng,696,878297,2,0.0,1,0,0,0,18,0,10.7354557390558,106.6720164567232
/ho-chi-minh/panda-suop-chao-dinh-duong-nguyen-huu-tri/binh-luan,Panda - Suop & Cháo Dinh Dưỡng - Nguyễn Hữu Trí,A11/18 Nguyễn Hữu Trí,696,878312,2,0.0,1,0,0,0,29,0,10.6967369480724,106.5940878912806
/ho-chi-minh/tra-sua-tinh-trung-kien/binh-luan,Trà Sữa Tịnh Trung Kiên,"E4/106 Quốc Lộ 50, Xã Phong Phú",696,879698,2,0.0,1,0,0,0,23,0,10.698734,106.654165
/ho-chi-minh/nang-cafe-duong-so-1/binh-luan,Nắng Cafe - Đường Số 1,"48 Đường Số 1, Xã Bình Hưng",696,879726,2,0.0,1,0,0,0,28,0,10.719989,106.662982
/ho-chi-minh/y-thy-bot-chien-nui-xao/binh-luan,Ý Thy - Bột Chiên & Nui Xào,"A24/23 Quốc Lộ 50, Xã Bình Hưng",696,883196,2,0.0,1,0,0,0,38,0,10.7288437887957,106.6566296294331
/ho-chi-minh/bot-chien-chi-quoc-lo-50/binh-luan,Bột Chiên Chi - Quốc Lộ 50,"A12/05 Quốc Lộ 50, P. Bình Hưng",696,883202,2,0.0,1,0,0,0,46,0,10.647707,106.656124
/ho-chi-minh/pho-nguyen-b17-quoc-lo-50/binh-luan,Phở Nguyễn - B17 Quốc Lộ 50,"B17/24 Quốc Lộ 50, P. Bình Hưng",696,883204,2,0.0,1,0,0,0,23,0,10.721278,106.655791
/ho-chi-minh/vista-coffee-duong-so-14/binh-luan,Vista Coffee - Đường Số 14,"83 Đường Số 14, P. Phong Phú",696,883206,2,0.0,1,0,0,0,18,0,10.692011,106.644358
/ho-chi-minh/nissi-com-bun-bo-hue/binh-luan,Nissi - Cơm & Bún Bò Huế,"75 Đường Số 5, P. Bình Hưng",696,883209,2,0.0,1,1,0,0,18,0,10.736225,106.691189
/ho-chi-minh/hop-chan-ga-me-ga-canh-ga-nuong/binh-luan,"Hợp - Chân Gà, Mề Gà & Cánh Gà Nướng","3 Đường Số 9A, Xã Bình Hưng",696,1046373,2,0.0,1,0,0,0,23,0,10.739356,106.68947
/ho-chi-minh/han-cafe-bakeria/binh-luan,Hân - Cafe & Bakeria,"E04/99A Quốc Lộ 50, Xã Phong Phú",696,1053791,2,0.0,0,0,0,0,34,0,10.706991,106.65521
/ho-chi-minh/do-an-vat-t-u-shop-online/binh-luan,Đồ Ăn Vặt T & U - Shop Online,"A11/339C Quốc Lộ 50, X. Phong Phú",696,914432,2,0.0,0,0,0,0,67,0,10.708714,106.655714
/ho-chi-minh/moc-coffee-doan-nguyen-tuan/binh-luan,Mộc Coffee - Đoàn Nguyễn Tuấn,"D9/56 Đoàn Nguyễn Tuấn, Xã Bình Chánh",696,905321,2,0.0,0,0,0,0,37,0,10.673388,106.58138
/ho-chi-minh/nhan-hoa-cafe/binh-luan,Nhân Hòa Cafe,"Cao Tốc Trung Lương, TT. Tân Túc",696,869968,2,0.0,0,0,0,0,38,0,10.6872726582024,106.5824913449871
/ho-chi-minh/phuong-dong-coffee-duong-so-10/binh-luan,Phương Đông Coffee - Đường Số 10,"3 Đường Số 10, P. Bình Hưng",696,883212,2,0.0,1,0,0,0,12,0,10.727047,106.652925
/ho-chi-minh/com-thuan-phat-pham-hung/binh-luan,Cơm Thuận Phát - Phạm Hùng,"C7/2 Phạm Hùng, Xã Bình Hưng",696,975370,2,0.0,1,0,0,0,18,0,10.731941,106.674877
/ho-chi-minh/5-sam-bo-bit-tet-nui-xao-bo/binh-luan,5 Sẩm - Bò Bít Tết & Nui Xào Bò,"59 Phạm Hùng, Xã Bình Hưng",696,975396,2,0.0,1,0,0,0,44,0,10.730249,106.676046
/ho-chi-minh/chao-trang-thit-bam/binh-luan,Cháo Trắng Thịt Bằm,"41 Phạm Hùng, Xã Bình Hưng",696,975420,2,0.0,1,0,0,0,8,0,10.734755,106.672844
/ho-chi-minh/am-thuc-ngu-hanh-nuoc-sam-nuoc-mat-rau-cau-hoa-qua-pham-hung/binh-luan,Ẩm Thực Ngũ Hành - Nước Sâm Nước Mát & Rau Câu Hoa Quả - Phạm Hùng,"14/181/22 Phạm Hùng, Xã Bình Hưng",696,1050793,2,0.0,0,0,0,0,23,0,10.73244,106.668382
/ho-chi-minh/chu-phuoc-bun-moc-cha-hu-tieu-bo-vien/binh-luan,Chú Phước - Bún Mọc Chả & Hủ Tiếu Bò Viên,"E10/295B Ấp 5, Quốc Lộ 50, Xã Phong Phú",696,1050070,2,0.0,0,0,0,0,33,0,10.6932212527996,106.6552256192746
/ho-chi-minh/banh-trung-thu-trinh-gia/binh-luan,Bánh Trung Thu Trịnh Gia,C10/5C11 Phạm Hùng,696,774113,2,0.0,1,0,0,0,64,0,10.737828,106.67067
/ho-chi-minh/ga-ac-vinh-quy-duong-so-9/binh-luan,Gà Ác Vĩnh Quý - Đường Số 9,"100 Đường Số 9, KDC Ấp 5",696,290678,2,0.0,0,0,0,0,64,0,10.730199,106.653984
/ho-chi-minh/banh-mi-tuan-map-binh-chanh/binh-luan,Bánh Mì Tuấn Mập Bình Chánh,"C17/2 Đinh Đức Thiện, X. Bình Chánh, H. Bình Chánh",696,1076083,2,0.0,0,0,0,0,44,0,10.7062844,106.5958841
/ho-chi-minh/tra-sua-kul/binh-luan,Trà Sữa Kul,E2/2B Tân Túc,696,878314,2,0.0,1,0,0,0,51,0,10.6930335762495,106.5844252333045
/ho-chi-minh/banh-xeo-trang-ap-1/binh-luan,Bánh Xèo Trang - Ấp 1,"Ấp 1, P. Quý Đức",696,994884,2,0.0,1,0,0,0,12,0,10.64864,106.655082
/ho-chi-minh/bun-cha-ca-com-ga-dac-san-phan-rang/binh-luan,Bún Chả Cá & Cơm Gà - Đặc Sản Phan Rang,"98 Đường Số 13, KDC Bình Hưng, Xã Bình Hưng",696,805162,2,0.0,1,0,0,0,31,0,10.730553,106.653057
/ho-chi-minh/quan-89-lau-cac-mon-nhau-binh-dan/binh-luan,Quán 89 - Lẩu & Các Món Nhậu Bình Dân,b13/5E Trần Đại Nghĩa,696,878179,2,0.0,1,0,0,0,18,0,10.7228114768885,106.5995458513498
/ho-chi-minh/hu-tieu-giai-khat-tran-dai-nghia/binh-luan,Hủ Tiếu & Giải Khát - Trần Đại Nghĩa,B6/1 Trần Đại Nghĩa,696,878191,2,0.0,1,0,0,0,34,0,10.7228114768885,106.5995458513498
/ho-chi-minh/tra-sua-hoang-kim/binh-luan,Trà Sữa Hoàng Kim,84/26 Phạm Hùng,696,878273,2,0.0,1,0,0,0,41,0,10.7299371159783,106.6728636994957
/ho-chi-minh/phung-loan-cafe-diem-tam-sang/binh-luan,Phụng Loan - Cafe & Điểm Tâm Sáng,19E Phạm Hùng,696,878281,2,0.0,1,0,0,0,54,0,10.7348384277803,106.6729471832513
/ho-chi-minh/han-han-quan-foods-healthy-online-duong-so-1/binh-luan,Hân Hân Quán - Foods Healthy Online - Đường Số 1,61 Đường Số 1,696,1030274,2,0.0,0,0,0,0,26,0,10.708151,106.653338
/ho-chi-minh/cafe-nguyen-chat-10k/binh-luan,Cafe Nguyên Chất 10k,22 Đường Số 5,696,674597,2,0.0,3,0,0,0,39,0,10.736114,106.673106
/ho-chi-minh/tra-sua-12k-pham-hung/binh-luan,Trà Sữa 12K - Phạm Hùng,"Hẻm C7/21C Phạm Hùng, X. Bình Hưng",696,755656,2,0.0,3,0,0,0,48,0,10.7324651,106.6745972
/ho-chi-minh/com-tam-bun-thit-nuong-nguyen-thi-tu/binh-luan,Cơm Tấm & Bún Thịt Nướng - Nguyễn Thị Tú,D6/69G Nguyễn Thị Tú,696,776689,2,0.0,1,1,0,0,61,0,10.8165375130487,106.599731259048
/ho-chi-minh/met-ngon-bun-mon-an-bac/binh-luan,Mẹt Ngon - Bún & Món Ăn Bắc,"2 Đường Số 8, Khu Dân Cư Trung Sơn, Xã Bình Hưng",696,1075329,2,0.0,0,2,0,0,58,0,10.7360021,106.6933062
/ho-chi-minh/dl2006-milano-hcm/binh-luan,DL2006 - Milano HCM,"D1/22 Quốc Lộ 1A, Thị Trấn Tân Túc",696,1070156,2,0.0,0,0,0,0,6,0,10.6797887,106.587035
/ho-chi-minh/bun-bo-dolphin/binh-luan,Bún Bò Dolphin,"E5/6A Nguyễn Hữu Trí, T.T Tân Túc",696,886887,2,0.0,0,0,0,0,38,0,10.69553,106.588354
/ho-chi-minh/tra-sua-new-york/binh-luan,Trà Sữa New York,B1/5C Nguyễn Hữu Trí,696,878310,2,0.0,1,0,0,0,37,0,10.6960101801548,106.5906811505556
/ho-chi-minh/diem-my-cafe/binh-luan,Diễm My Cafe,"D7/21 Dương Đình Cúc, Xã Tân Kiên",696,893133,2,0.0,0,0,0,0,39,0,10.700738,106.591203
/ho-chi-minh/cut-chien-vit-ga-chien/binh-luan,"Cút Chiên & Vịt, Gà Chiên","C10/3A Phạm Hùng, X. Bình Hưng",696,790845,2,0.0,3,1,0,0,36,0,10.7286269,106.6779875
/ho-chi-minh/tra-sua-tra-dao-pham-hung/binh-luan,Trà Sữa & Trà Đào - Phạm Hùng,C4/13 Phạm Hùng,696,788506,2,0.0,1,1,0,0,46,0,10.7360385468315,106.6729160447155
/ho-chi-minh/nuoc-ep-nguyen-chat-pham-hung/binh-luan,Nước Ép Nguyên Chất - Phạm Hùng,C4/16A Phạm Hùng,696,788508,2,0.0,1,0,0,0,32,0,10.7362865461742,106.6719165190491
/ho-chi-minh/sinh-to-nuoc-ep-cafe-pham-hung/binh-luan,"Sinh Tố, Nước Ép & Cafe - Phạm Hùng",C7/33/A3 Phạm Hùng,696,788514,2,0.0,1,0,0,0,26,0,10.7317824878109,106.6754842177033
/ho-chi-minh/quan-hu-tieu-mi-duong-so-5/binh-luan,Quán Hủ Tiếu Mì - Đường Số 5,"69 Lô A78 Đường Số 5, Xã Bình Hưng",696,863774,2,0.0,1,0,0,0,55,0,10.7353597597535,106.673202151919
/ho-chi-minh/5-anh-em-com-ga-xoi-mo/binh-luan,5 Anh Em - Cơm Gà Xối Mỡ,"C19/7L9 Ấp 4B, Xã Bình Hưng",696,1046454,2,0.0,0,0,0,0,21,0,10.739345,106.687099
/ho-chi-minh/quan-nhi-foods-bo-bit-tet-oc-nhay/binh-luan,Quân Nhi Foods - Bò Bít Tết & Ốc Nhảy,"B2/59 Tân Liêm, Ấp 2, Xã Phong Phú",696,1046218,2,0.0,0,0,0,0,20,0,10.689196,106.65014
/ho-chi-minh/banh-canh-phan-thiet-duong-so-4/binh-luan,Bánh Canh Phan Thiết - Đường Số 4,"Đường Số 4, X. Bình Hưng",696,749860,2,0.0,3,2,0,0,47,0,10.739112,106.690189
/ho-chi-minh/moon-coffee-duong-so-6/binh-luan,Moon Coffee - Đường Số 6,"M40 Đường Số 6, KDC Đại Phúc, Xã Bình Hưng",696,1071512,2,0.0,0,0,0,0,21,0,10.7163066,106.6816597
/ho-chi-minh/banh-nau-lam-dac-san-binh-dinh/binh-luan,Bánh Nẫu Làm - Đặc Sản Bình Định,"182 Rạch Bà Lớn, Xã Phong Phú",696,699568,2,0.0,1,0,0,0,25,0,10.7262172,106.649442
/ho-chi-minh/bun-bo-hue-10-duong-so-5/binh-luan,Bún Bò Huế - 10 Đường Số 5,"10 Đường Số 5, Xã Bình Hưng",696,863777,2,0.0,1,0,0,0,43,0,10.7359649275774,106.6740578844094
/ho-chi-minh/quan-chao-long-quoc-lo-50/binh-luan,Quán Cháo Lòng - Quốc Lộ 50,"A22/15 Quốc Lộ 50, Xã Bình Hưng",696,883199,2,0.0,1,0,0,0,47,0,10.7309635683914,106.6559547185897
/ho-chi-minh/quan-fa-hu-tieu-com/binh-luan,Quán FA - Hủ Tiếu & Cơm,"D23/625 Trịnh Quang Nghị, P. Phong Phú",696,883205,2,0.0,1,0,0,0,18,0,10.701215,106.637095
/ho-chi-minh/quan-an-hoa-beo-duong-so-7/binh-luan,Quán Ăn Hoa Béo - Đường Số 7,"25 Đường Số 7, P. Bình Hưng",696,883214,2,0.0,1,0,0,0,17,0,10.735562,106.690167
/ho-chi-minh/pham-hung-khoai-lang-chien-chuoi-chien-lac-pho-mai-xi-muoi/binh-luan,Phạm Hùng - Khoai Lang Chiên & Chuối Chiên Lắc Phô Mai Xí Muội,"C5/15H (Hẻm 31 Vào 200m) Phạm Hùng, X. Bình Hưng",696,1045793,2,0.0,0,0,0,0,36,0,10.734567,106.673139
/ho-chi-minh/tra-sua-gau-da-phuoc/binh-luan,Trà Sữa Gấu - Đa Phước,A3/93 Ấp 1 Tổ 3 Xã Đa Phước,696,1068810,2,0.0,0,0,0,0,28,0,10.6750932778006,106.6508665680885
/ho-chi-minh/trung-ngoc-coffee/binh-luan,Trung Ngọc Coffee,51 Quốc Lộ 1A,696,856007,2,0.0,0,0,0,0,18,0,10.6971724518539,106.5969306986328
/ho-chi-minh/banh-mi-hong-lan/binh-luan,Bánh Mì Hồng Lan,"C1/18 Phạm Hùng, X. Bình Hưng",696,731400,2,0.0,2,0,0,0,44,0,10.7316685,106.674642
/ho-chi-minh/bun-bo-phuong-trang/binh-luan,Bún Bò Phương Trang,"80 Đường Số 10, KDC Bình Hưng",696,737759,2,0.0,0,0,0,0,20,0,10.7270553882062,106.6515907645225
/ho-chi-minh/banh-trang-kim-thuy-quoc-lo-50/binh-luan,Bánh Tráng Kim Thủy - Quốc Lộ 50,"A23/2AB Quốc Lộ 50, Xã Bình Hưng",696,986977,2,0.0,0,0,0,0,37,0,10.72857,106.656353
/ho-chi-minh/mr-sandwich-shop-online/binh-luan,Mr. Sandwich - Shop Online,"B6-07 Chung Cư Hồng Lĩnh, Đường Số 9A, Xã Bình Chánh",696,1038152,2,0.0,0,0,0,0,24,0,10.730503,106.688933
/ho-chi-minh/an-vat-co-meo-shop-online/binh-luan,Ăn Vặt Cô Mèo - Shop Online,"128 Đường Số 9 KDC Bình Hưng, Xã Bình Hưng",696,1022801,2,0.0,0,0,0,0,43,0,10.7313748,106.6540274
/ho-chi-minh/bep-127-com-chien-pho-bun-bo/binh-luan,"Bếp 127 - Cơm Chiên, Phở & Bún Bò","127 Đường Số 9, KDC Trung Sơn, Xã Bình Hưng",696,1043091,2,0.0,0,0,0,0,29,0,10.7345733,106.6889818
/ho-chi-minh/two-two-chicken/binh-luan,Two Two Chicken,"39 Đường Số 1, Khu Dân Cư Dương Hồng, Xã Bình Hưng",696,1003478,2,0.0,0,0,0,0,56,0,10.7217009,106.6620748
/ho-chi-minh/an-vat-havi-shop-online/binh-luan,Ăn Vặt Havi - Shop Online,"C4/2 Bờ Xe Lam, Ấp 3, Xã Tân Kiên",696,935996,2,0.0,0,0,0,0,10,0,10.708873,106.598404
/ho-chi-minh/may-coffee-tran-dai-nghia/binh-luan,May Coffee - Trần Đại Nghĩa,G16/1B Trần Đại Nghĩa,696,821657,2,0.0,0,0,0,0,17,0,10.722693,106.599385
/ho-chi-minh/xi-trum-cafe-pham-hung/binh-luan,Xì Trum Cafe - Phạm Hùng,C3/27 Phạm Hùng,696,878285,2,0.0,1,0,0,0,18,0,10.7339994226538,106.6713519394397
/ho-chi-minh/179-coffee-giai-khat/binh-luan,179 Coffee & Giải Khát,"C3/17 E1 Phạm Hùng, Xã Bình Hưng",696,878287,2,0.0,1,0,0,0,17,0,10.7346015828313,106.6729190200567
/ho-chi-minh/bo-ne-27k/binh-luan,Bò Né 27K,C3/1A Phạm Hùng,696,878298,2,0.0,1,0,0,0,30,0,10.7347554167762,106.6725354641676
/ho-chi-minh/pho-binh-2-to/binh-luan,Phở Bình 2 Tô,C9/4 Phạm Hùng,696,878307,2,0.0,1,0,0,0,45,0,10.728534797149,106.677737943828
/ho-chi-minh/com-binh-dan-khue/binh-luan,Cơm Bình Dân Khuê,C7D Phạm Hùng,696,878308,2,0.0,1,0,0,0,16,0,10.7309408388988,106.6761856153607
/ho-chi-minh/com-tam-trinh-quang-nghi/binh-luan,Cơm Tấm - Trịnh Quang Nghị,"D21/570 Trịnh Quang Nghị, Xã Phong Phú",696,879683,2,0.0,1,0,0,0,47,0,10.698489,106.643256
/ho-chi-minh/cat-tuong-com-ga-ta-phu-yen/binh-luan,Cát Tường - Cơm Gà Ta Phú Yên,"A29/11 Quốc Lộ 50, Xã Bình Hưng",696,1039041,2,0.0,0,0,0,0,18,0,10.731085,106.657515
/ho-chi-minh/thuan-hu-tieu-sa-dec/binh-luan,Thuận - Hủ Tiếu Sa Đéc,"C19 Ấp 4, Xã Bình Hưng",696,1039656,2,0.0,0,0,0,0,48,0,10.739389,106.688082
/ho-chi-minh/bao-c2-chao-com-ga-tra-sua-banh-flan-pham-hung/binh-luan,"Bảo C2 - Cháo, Cơm Gà, Trà Sữa & Bánh Flan - Phạm Hùng","Hẻm C1/16A Phạm Hùng, Xã Bình Hưng",696,1000000487,2,0.0,0,0,0,0,20,0,10.7339399,106.6695759
/ho-chi-minh/the-green-tra-sua-an-vat/binh-luan,The Green - Trà Sữa & Ăn Vặt,"C3/73A Tân Liêm, Ấp 3, X. Phong Phú",696,1022940,2,0.0,0,0,0,0,51,0,10.686849,106.642643
/ho-chi-minh/com-tam-ngon-ngon/binh-luan,Cơm Tấm Ngon Ngon,"C7/27 Phạm Hùng, Xã Bình Hưng",696,975362,2,0.0,1,0,0,0,54,0,10.730739,106.675752
/ho-chi-minh/fam-coffee/binh-luan,Fam Coffee,"E1/13 Quốc Lộ 50, Xã Phong Phú",696,879714,2,0.0,1,0,0,0,54,0,10.710232,106.654355
/ho-chi-minh/coffee-pleiku/binh-luan,Coffee Pleiku,D12/5A Ấp 4 Hương Lộ 11,696,832923,2,0.0,0,0,0,0,16,0,10.661467,106.598958
/ho-chi-minh/your-food-am-thuc-nhat-ban/binh-luan,Your Food - Ẩm Thực Nhật Bản,"Chung Cư Conic Garden, Nguyễn Văn Linh, P. Phong Phú",696,1016137,2,0.0,1,0,0,0,21,0,10.709596,106.641892
/ho-chi-minh/bolero-coffee-huong-lo-11/binh-luan,Bolero Coffee - Hương Lộ 11,"Chợ Hưng Long, Hương Lộ 11",696,835048,2,0.0,0,0,0,0,17,0,10.658314,106.608868
/ho-chi-minh/com-bun-777-shop-online/binh-luan,Cơm & Bún 777 - Shop Online,"Hẻm C1/16 Phạm Hùng, Xã Bình Hưng",696,947466,2,0.0,0,0,0,0,34,0,10.735057,106.671303
/ho-chi-minh/an-vat-gau-duong-ba-trac-shop-online/binh-luan,Ăn Vặt Gấu - Dương Bá Trạc - Shop Online,"134 Đường Số 3, KDC Trung Sơn, Xã Bình Hưng",696,950198,2,0.0,0,0,0,0,43,0,10.73286,106.687999
/ho-chi-minh/banh-canh-hu-tieu-hoanh-thanh-trinh-quang-nghi/binh-luan,"Bánh Canh, Hủ Tiếu & Hoành Thánh - Trịnh Quang Nghị","D11/299 Trịnh Quang Nghị, Xã Phong Phú",696,879686,2,0.0,1,0,0,0,19,0,10.6988780370873,106.6423767060041
/ho-chi-minh/tra-sua-hamper-pham-hung/binh-luan,Trà Sữa Hamper - Phạm Hùng,"C2/13HR3 Phạm Hùng, Xã Bình Hưng",696,887497,2,0.0,1,0,0,0,15,0,10.72685,106.677813
/ho-chi-minh/quan-com-417/binh-luan,Quán Cơm 417,"C4/17 Phạm Hùng, Xã Bình Hưng",696,880565,2,0.0,1,0,0,0,27,0,10.730601,106.675741
/ho-chi-minh/sinh-to-nuoc-ep-chanh-hung/binh-luan,Sinh Tố & Nước Ép - Chánh Hưng,C3/16A Chánh Hưng,696,788494,2,0.0,1,0,0,0,36,0,10.7383719742583,106.6711212694645
/ho-chi-minh/bot-chien-mi-xao-pham-hung/binh-luan,Bột Chiên & Mì Xào - Phạm Hùng,C3/21 Phạm Hùng,696,788501,2,0.0,1,0,0,0,41,0,10.7346873361425,106.6725437436455
/ho-chi-minh/bun-thai-pham-hung/binh-luan,Bún Thái - Phạm Hùng,132 Phạm Hùng,696,788502,2,0.0,1,0,0,0,51,0,10.7348746800505,106.6727776984559
